9.349849 56.740875 17.052773
9.350188 56.740677 17.614840

17.052773 9.350188 56.740677
17.614840 9.738347 57.121437

56.740677 17.614840 9.738347
57.121437 7.773703 9.679633

9.738347 57.121437 7.773703
9.679633 57.056160 36.689564

7.773703 9.679633 57.056160
36.689564 9.698747 57.111870

57.056160 36.689564 9.698747
57.111870 9.716187 9.720916

9.698747 57.111870 9.716187
9.720916 57.055256 40.497238

9.716187 9.720916 57.055256
40.497238 9.686110 57.109028

57.055256 40.497238 9.686110
57.109028 10.838283 9.745814

9.686110 57.109028 10.838283
9.745814 57.047771 42.827698

10.838283 9.745814 57.047771
42.827698 9.682479 57.109421

57.047771 42.827698 9.682479
57.109421 11.587505 9.758614

9.682479 57.109421 11.587505
9.758614 57.040890 44.482891

11.587505 9.758614 57.040890
44.482891 9.681123 57.110165

57.040890 44.482891 9.681123
57.110165 12.080296 9.766859

9.681123 57.110165 12.080296
9.766859 57.035324 45.644073

12.080296 9.766859 57.035324
45.644073 9.679551 57.109627

57.035324 45.644073 9.679551
57.109627 12.397381 9.774560

9.679551 57.109627 12.397381
9.774560 57.034466 46.421001

12.397381 9.774560 57.034466
46.421001 9.678189 57.108612

