9.349849 56.740875 17.052773
9.350188 56.740677 17.614840
9.350549 56.740543 18.083536

9.350188 56.740677 17.614840
9.350549 56.740543 18.083536
9.514002 57.017624 8.355534

9.350549 56.740543 18.083536
9.514002 57.017624 8.355534
9.443369 56.994133 17.611675

9.514002 57.017624 8.355534
9.443369 56.994133 17.611675
9.760957 57.045990 35.336990

9.443369 56.994133 17.611675
9.760957 57.045990 35.336990
9.950667 57.148254 6.471992

9.760957 57.045990 35.336990
9.950667 57.148254 6.471992
9.710360 57.162991 19.688555

9.950667 57.148254 6.471992
9.710360 57.162991 19.688555
9.825498 57.104351 39.676083

9.710360 57.162991 19.688555
9.825498 57.104351 39.676083
9.584505 57.028618 6.563078

9.825498 57.104351 39.676083
9.584505 57.028618 6.563078
9.560266 57.058044 21.689651

9.584505 57.028618 6.563078
9.560266 57.058044 21.689651
9.844296 57.014038 44.511333

9.560266 57.058044 21.689651
9.844296 57.014038 44.511333
9.557977 57.026630 7.116171

9.844296 57.014038 44.511333
9.557977 57.026630 7.116171
9.603437 57.053215 23.785397

9.557977 57.026630 7.116171
9.603437 57.053215 23.785397
9.879417 57.015728 47.790359

9.603437 57.053215 23.785397
9.879417 57.015728 47.790359
9.636746 57.049305 6.167411

9.879417 57.015728 47.790359
9.636746 57.049305 6.167411
9.415831 57.017944 24.368879

9.636746 57.049305 6.167411
9.415831 57.017944 24.368879
9.806507 56.874767 52.119095

9.415831 57.017944 24.368879
9.806507 56.874767 52.119095
9.861910 57.105988 6.425824

9.806507 56.874767 52.119095
9.861910 57.105988 6.425824
9.497583 57.092815 25.221386

9.861910 57.105988 6.425824
9.497583 57.092815 25.221386
10.008906 57.151627 60.950390

9.497583 57.092815 25.221386
10.008906 57.151627 60.950390
9.456719 57.070667 7.263721

10.008906 57.151627 60.950390
9.456719 57.070667 7.263721
9.626781 57.093517 28.834772

9.456719 57.070667 7.263721
9.626781 57.093517 28.834772
9.720141 57.035526 56.203644

9.626781 57.093517 28.834772
9.720141 57.035526 56.203644
9.510031 57.017185 8.779424

9.720141 57.035526 56.203644
9.510031 57.017185 8.779424
9.696627 57.062218 28.676737

9.510031 57.017185 8.779424
9.696627 57.062218 28.676737
9.974246 56.995697 56.658554

9.696627 57.062218 28.676737
9.974246 56.995697 56.658554
9.582332 57.052258 7.950765

9.974246 56.995697 56.658554
9.582332 57.052258 7.950765
9.493971 56.982658 28.342978

9.582332 57.052258 7.950765
9.493971 56.982658 28.342978
9.840037 56.874714 57.625217

9.493971 56.982658 28.342978
9.840037 56.874714 57.625217
9.452370 57.068855 8.131156

9.840037 56.874714 57.625217
9.452370 57.068855 8.131156
9.649137 57.098381 30.021889

9.452370 57.068855 8.131156
9.649137 57.098381 30.021889
9.719739 57.035393 56.145969

9.649137 57.098381 30.021889
9.719739 57.035393 56.145969
9.803634 57.109425 7.803220

9.719739 57.035393 56.145969
9.803634 57.109425 7.803220
9.543736 57.084248 28.408474

9.803634 57.109425 7.803220
9.543736 57.084248 28.408474
10.042272 57.155731 64.333633

9.543736 57.084248 28.408474
10.042272 57.155731 64.333633
9.452714 57.069073 8.112798

10.042272 57.155731 64.333633
9.452714 57.069073 8.112798
9.641047 57.088604 31.554678

9.452714 57.069073 8.112798
9.641047 57.088604 31.554678
9.766171 57.043964 59.975292

9.641047 57.088604 31.554678
9.766171 57.043964 59.975292
9.521356 57.028694 9.710934

9.766171 57.043964 59.975292
9.521356 57.028694 9.710934
9.720467 57.054165 30.494267

9.521356 57.028694 9.710934
9.720467 57.054165 30.494267
9.968930 56.984226 59.403812

9.720467 57.054165 30.494267
9.968930 56.984226 59.403812
9.546819 57.055252 9.071542

9.968930 56.984226 59.403812
9.546819 57.055252 9.071542
9.544644 56.966343 30.285822

9.546819 57.055252 9.071542
9.544644 56.966343 30.285822
9.844709 56.870270 59.593716

9.544644 56.966343 30.285822
9.844709 56.870270 59.593716
9.523427 57.028286 9.647781

9.844709 56.870270 59.593716
9.523427 57.028286 9.647781
9.713077 57.055149 30.140919

9.523427 57.028286 9.647781
9.713077 57.055149 30.140919
9.966566 56.986259 58.477577

9.713077 57.055149 30.140919
9.966566 56.986259 58.477577
9.521707 57.029167 9.744423

9.966566 56.986259 58.477577
9.521707 57.029167 9.744423
9.713600 57.056435 30.068178

9.521707 57.029167 9.744423
9.713600 57.056435 30.068178
9.966708 56.982742 57.949268

9.713600 57.056435 30.068178
9.966708 56.982742 57.949268
9.521378 57.029118 9.751863

9.966708 56.982742 57.949268
9.521378 57.029118 9.751863
9.711140 57.056511 29.975311

9.521378 57.029118 9.751863
9.711140 57.056511 29.975311
9.970227 56.984379 57.643208

9.711140 57.056511 29.975311
9.970227 56.984379 57.643208
9.918839 57.156448 8.490456

9.970227 56.984379 57.643208
9.918839 57.156448 8.490456
9.703483 57.135098 30.196362

9.918839 57.156448 8.490456
9.703483 57.135098 30.196362
10.006647 57.038322 54.241920

9.703483 57.135098 30.196362
10.006647 57.038322 54.241920
9.830827 57.127110 9.176950

10.006647 57.038322 54.241920
9.830827 57.127110 9.176950
9.604560 57.005695 29.116343

9.830827 57.127110 9.176950
9.604560 57.005695 29.116343
9.816444 57.094646 55.086693

9.604560 57.005695 29.116343
9.816444 57.094646 55.086693
9.576303 57.054398 8.254848

9.816444 57.094646 55.086693
9.576303 57.054398 8.254848
9.491645 56.979488 28.341154

9.576303 57.054398 8.254848
9.491645 56.979488 28.341154
9.838212 56.876331 56.973709

9.491645 56.979488 28.341154
9.838212 56.876331 56.973709
9.769177 57.218727 9.275222

9.838212 56.876331 56.973709
9.769177 57.218727 9.275222
9.579085 57.092026 27.907604

9.769177 57.218727 9.275222
9.579085 57.092026 27.907604
9.854674 57.129356 52.694019

9.579085 57.092026 27.907604
9.854674 57.129356 52.694019
9.779593 57.073082 7.724915

9.854674 57.129356 52.694019
9.779593 57.073082 7.724915
9.750636 57.115215 27.366039

9.779593 57.073082 7.724915
9.750636 57.115215 27.366039
9.840532 56.908855 56.787563

9.750636 57.115215 27.366039
9.840532 56.908855 56.787563
9.795671 57.223976 8.544651

9.840532 56.908855 56.787563
9.795671 57.223976 8.544651
9.569721 57.097282 27.024487

9.795671 57.223976 8.544651
9.569721 57.097282 27.024487
9.846972 57.126266 52.383560

9.569721 57.097282 27.024487
9.846972 57.126266 52.383560
9.586662 57.045326 7.290094

9.846972 57.126266 52.383560
9.586662 57.045326 7.290094
9.473428 57.002529 26.706947

9.586662 57.045326 7.290094
9.473428 57.002529 26.706947
9.830334 56.874191 55.214409

9.473428 57.002529 26.706947
9.830334 56.874191 55.214409
9.456953 57.070210 7.714602

9.830334 56.874191 55.214409
9.456953 57.070210 7.714602
9.636594 57.101711 28.566650

9.456953 57.070210 7.714602
9.636594 57.101711 28.566650
9.706846 57.032181 54.373672

9.636594 57.101711 28.566650
9.706846 57.032181 54.373672
9.512689 57.017723 8.820641

9.706846 57.032181 54.373672
9.512689 57.017723 8.820641
9.689706 57.060223 28.490902

9.512689 57.017723 8.820641
9.689706 57.060223 28.490902
9.975800 57.003944 55.929047

9.689706 57.060223 28.490902
9.975800 57.003944 55.929047
9.519678 57.022190 9.082054

9.975800 57.003944 55.929047
9.519678 57.022190 9.082054
9.691924 57.058735 28.925608

9.519678 57.022190 9.082054
9.691924 57.058735 28.925608
9.974722 56.996937 56.489906

9.691924 57.058735 28.925608
9.974722 56.996937 56.489906
9.523849 57.026424 9.287426

9.974722 56.996937 56.489906
9.523849 57.026424 9.287426
9.693495 57.055660 29.208727

9.523849 57.026424 9.287426
9.693495 57.055660 29.208727
9.973454 56.995121 56.735413

9.693495 57.055660 29.208727
9.973454 56.995121 56.735413
9.833181 57.127762 9.130001

9.973454 56.995121 56.735413
9.833181 57.127762 9.130001
9.608074 57.006477 29.286434

9.833181 57.127762 9.130001
9.608074 57.006477 29.286434
9.811072 57.096634 55.786331

9.608074 57.006477 29.286434
9.811072 57.096634 55.786331
9.572889 57.053967 8.323811

9.811072 57.096634 55.786331
9.572889 57.053967 8.323811
9.499814 56.978302 28.623695

9.572889 57.053967 8.323811
9.499814 56.978302 28.623695
9.839179 56.875343 57.466278

9.499814 56.978302 28.623695
9.839179 56.875343 57.466278
9.579651 57.049107 7.767181

9.839179 56.875343 57.466278
9.579651 57.049107 7.767181
9.501809 56.986050 28.362158

9.579651 57.049107 7.767181
9.501809 56.986050 28.362158
9.841640 56.873436 58.073498

9.501809 56.986050 28.362158
9.841640 56.873436 58.073498
9.777352 57.221336 9.041514

9.841640 56.873436 58.073498
9.777352 57.221336 9.041514
9.579552 57.092945 27.871502

9.777352 57.221336 9.041514
9.579552 57.092945 27.871502
9.855633 57.130219 53.121986

9.579552 57.092945 27.871502
9.855633 57.130219 53.121986
9.451632 57.068714 8.190688

9.855633 57.130219 53.121986
9.451632 57.068714 8.190688
9.654131 57.106945 29.081972

9.451632 57.068714 8.190688
9.654131 57.106945 29.081972
9.705411 57.031487 54.118080

9.654131 57.106945 29.081972
9.705411 57.031487 54.118080
9.518744 57.021622 9.070812

9.705411 57.031487 54.118080
9.518744 57.021622 9.070812
9.688976 57.057693 28.772451

9.518744 57.021622 9.070812
9.688976 57.057693 28.772451
9.976231 57.003212 56.033966

9.688976 57.057693 28.772451
9.976231 57.003212 56.033966
9.452724 57.068596 8.326824

9.976231 57.003212 56.033966
9.452724 57.068596 8.326824
9.654401 57.101379 29.977608

9.452724 57.068596 8.326824
9.654401 57.101379 29.977608
9.714195 57.034786 55.527931

9.654401 57.101379 29.977608
9.714195 57.034786 55.527931
9.524882 57.027512 9.358246

9.714195 57.034786 55.527931
9.524882 57.027512 9.358246
9.693995 57.054943 29.289717

9.524882 57.027512 9.358246
9.693995 57.054943 29.289717
9.973143 56.994625 56.766090

9.693995 57.054943 29.289717
9.973143 56.994625 56.766090
9.526006 57.028725 9.466174

9.973143 56.994625 56.766090
9.526006 57.028725 9.466174
9.695799 57.054668 29.453548

9.526006 57.028725 9.466174
9.695799 57.054668 29.453548
9.973293 56.992096 56.935173

9.695799 57.054668 29.453548
9.973293 56.992096 56.935173
9.524637 57.028343 9.551478

9.973293 56.992096 56.935173
9.524637 57.028343 9.551478
9.700525 57.055996 29.610895

9.524637 57.028343 9.551478
9.700525 57.055996 29.610895
9.971909 56.988949 57.153263

9.700525 57.055996 29.610895
9.971909 56.988949 57.153263
9.523556 57.028168 9.599545

9.971909 56.988949 57.153263
9.523556 57.028168 9.599545
9.703225 57.056839 29.695709

9.523556 57.028168 9.599545
9.703225 57.056839 29.695709
9.971748 56.986832 57.263470

9.703225 57.056839 29.695709
9.971748 56.986832 57.263470
9.557432 57.055038 8.694886

9.971748 56.986832 57.263470
9.557432 57.055038 8.694886
9.523816 56.972218 29.414381

9.557432 57.055038 8.694886
9.523816 56.972218 29.414381
9.842243 56.872509 58.463768

9.523816 56.972218 29.414381
9.842243 56.872509 58.463768
9.835036 57.128487 9.070654

9.842243 56.872509 58.463768
9.835036 57.128487 9.070654
9.611885 57.008034 29.479208

9.835036 57.128487 9.070654
9.611885 57.008034 29.479208
9.809003 57.097061 56.639694

9.611885 57.008034 29.479208
9.809003 57.097061 56.639694
9.526512 57.028740 9.436452

9.809003 57.097061 56.639694
9.526512 57.028740 9.436452
9.695023 57.054707 29.428509

9.526512 57.028740 9.436452
9.695023 57.054707 29.428509
9.972934 56.991638 56.950607

9.695023 57.054707 29.428509
9.972934 56.991638 56.950607
9.829071 57.126610 9.220730

9.972934 56.991638 56.950607
9.829071 57.126610 9.220730
9.612297 57.006672 29.508886

9.829071 57.126610 9.220730
9.612297 57.006672 29.508886
9.811701 57.098305 56.077236

9.612297 57.006672 29.508886
9.811701 57.098305 56.077236
9.526663 57.029083 9.484733

9.811701 57.098305 56.077236
9.526663 57.029083 9.484733
9.694726 57.054077 29.427147

9.526663 57.029083 9.484733
9.694726 57.054077 29.427147
9.972716 56.993534 56.796833

9.694726 57.054077 29.427147
9.972716 56.993534 56.796833
9.561624 57.054783 8.552512

9.972716 56.993534 56.796833
9.561624 57.054783 8.552512
9.516418 56.974323 29.123846

9.561624 57.054783 8.552512
9.516418 56.974323 29.123846
9.841891 56.873600 58.114952

9.516418 56.974323 29.123846
9.841891 56.873600 58.114952
9.451976 57.068443 8.296283

9.841891 56.873600 58.114952
9.451976 57.068443 8.296283
9.650033 57.096527 30.549023

9.451976 57.068443 8.296283
9.650033 57.096527 30.549023
9.730432 57.038425 56.819515

9.650033 57.096527 30.549023
9.730432 57.038425 56.819515
9.565202 57.054966 8.504716

9.730432 57.038425 56.819515
9.565202 57.054966 8.504716
9.516912 56.973419 29.296804

9.565202 57.054966 8.504716
9.516912 56.973419 29.296804
9.843712 56.872597 58.648186

9.516912 56.973419 29.296804
9.843712 56.872597 58.648186
9.452455 57.068527 8.319187

9.843712 56.872597 58.648186
9.452455 57.068527 8.319187
9.646322 57.094929 30.763323

9.452455 57.068527 8.319187
9.646322 57.094929 30.763323
9.741452 57.040150 57.240940

9.646322 57.094929 30.763323
9.741452 57.040150 57.240940
9.523629 57.028202 9.595837

9.741452 57.040150 57.240940
9.523629 57.028202 9.595837
9.705765 57.057137 29.805841

9.523629 57.028202 9.595837
9.705765 57.057137 29.805841
9.970198 56.984035 57.611450

9.705765 57.057137 29.805841
9.970198 56.984035 57.611450
9.794880 57.109829 8.014201

9.970198 56.984035 57.611450
9.794880 57.109829 8.014201
9.558168 57.083923 28.939566

9.794880 57.109829 8.014201
9.558168 57.083923 28.939566
10.042283 57.154140 64.905701

9.558168 57.083923 28.939566
10.042283 57.154140 64.905701
9.517468 57.020042 9.026060

10.042283 57.154140 64.905701
9.517468 57.020042 9.026060
9.717081 57.060368 30.143579

9.517468 57.020042 9.026060
9.717081 57.060368 30.143579
9.968417 56.974865 60.644058

9.717081 57.060368 30.143579
9.968417 56.974865 60.644058
9.560194 57.055481 8.647516

9.968417 56.974865 60.644058
9.560194 57.055481 8.647516
9.531828 56.969376 29.945856

9.560194 57.055481 8.647516
9.531828 56.969376 29.945856
9.845871 56.869781 59.878510

9.531828 56.969376 29.945856
9.845871 56.869781 59.878510
9.454600 57.069038 8.449594

9.845871 56.869781 59.878510
9.454600 57.069038 8.449594
9.643767 57.091228 31.362085

9.454600 57.069038 8.449594
9.643767 57.091228 31.362085
9.756255 57.044411 58.278286

9.643767 57.091228 31.362085
9.756255 57.044411 58.278286
9.552383 57.055882 8.897954

9.756255 57.044411 58.278286
9.552383 57.055882 8.897954
9.537404 56.967442 30.052931

9.552383 57.055882 8.897954
9.537404 56.967442 30.052931
9.844500 56.870491 59.489773

9.537404 56.967442 30.052931
9.844500 56.870491 59.489773
9.524697 57.028286 9.566269

9.844500 56.870491 59.489773
9.524697 57.028286 9.566269
9.709756 57.055531 30.024691

9.524697 57.028286 9.566269
9.709756 57.055531 30.024691
9.966633 56.984673 58.376652

9.709756 57.055531 30.024691
9.966633 56.984673 58.376652
9.553962 57.055325 8.839668

9.966633 56.984673 58.376652
9.553962 57.055325 8.839668
9.531703 56.969677 29.784883

9.553962 57.055325 8.839668
9.531703 56.969677 29.784883
9.843568 56.871174 58.992783

9.531703 56.969677 29.784883
9.843568 56.871174 58.992783
9.569404 57.054550 8.404517

9.843568 56.871174 58.992783
9.569404 57.054550 8.404517
9.517470 56.973618 29.420847

9.569404 57.054550 8.404517
9.517470 56.973618 29.420847
9.844536 56.871563 59.196007

9.517470 56.973618 29.420847
9.844536 56.871563 59.196007
9.582461 57.053970 8.082877

9.844536 56.871563 59.196007
9.582461 57.053970 8.082877
9.504915 56.977180 29.050163

9.582461 57.053970 8.082877
9.504915 56.977180 29.050163
9.843669 56.871246 59.050522

9.504915 56.977180 29.050163
9.843669 56.871246 59.050522
9.519203 57.021431 9.059571

9.843669 56.871246 59.050522
9.519203 57.021431 9.059571
9.701096 57.061481 29.293861

9.519203 57.021431 9.059571
9.701096 57.061481 29.293861
9.970136 56.984352 57.707073

9.701096 57.061481 29.293861
9.970136 56.984352 57.707073
9.572771 57.053692 8.299515

9.970136 56.984352 57.707073
9.572771 57.053692 8.299515
9.508957 56.976933 29.030701

9.572771 57.053692 8.299515
9.508957 56.976933 29.030701
9.842303 56.872517 58.492035

9.508957 56.976933 29.030701
9.842303 56.872517 58.492035
9.519790 57.022411 9.089556

9.842303 56.872517 58.492035
9.519790 57.022411 9.089556
9.699608 57.061092 29.246403

9.519790 57.022411 9.089556
9.699608 57.061092 29.246403
9.970284 56.984352 57.468975

9.699608 57.061092 29.246403
9.970284 56.984352 57.468975
9.572568 57.053841 8.295465

9.970284 56.984352 57.468975
9.572568 57.053841 8.295465
9.507398 56.977051 28.957481

9.572568 57.053841 8.295465
9.507398 56.977051 28.957481
9.842764 56.873131 58.323349

9.507398 56.977051 28.957481
9.842764 56.873131 58.323349
9.451552 57.068317 8.247082

9.842764 56.873131 58.323349
9.451552 57.068317 8.247082
9.648541 57.096024 30.501560

9.451552 57.068317 8.247082
9.648541 57.096024 30.501560
9.732678 57.039318 56.856037

9.648541 57.096024 30.501560
9.732678 57.039318 56.856037
9.525984 57.028690 9.488444

9.732678 57.039318 56.856037
9.525984 57.028690 9.488444
9.700315 57.056454 29.638607

9.525984 57.028690 9.488444
9.700315 57.056454 29.638607
9.970627 56.984573 57.437370

9.700315 57.056454 29.638607
9.970627 56.984573 57.437370
9.523629 57.028202 9.595837

9.970627 56.984573 57.437370
9.523629 57.028202 9.595837
9.703926 57.057137 29.727802

9.523629 57.028202 9.595837
9.703926 57.057137 29.727802
9.971311 56.985241 57.374081

9.703926 57.057137 29.727802
9.971311 56.985241 57.374081
9.523181 57.028099 9.644071

9.971311 56.985241 57.374081
9.523181 57.028099 9.644071
9.705479 57.057503 29.782089

9.523181 57.028099 9.644071
9.705479 57.057503 29.782089
9.970928 56.984764 57.389919

9.705479 57.057503 29.782089
9.970928 56.984764 57.389919
9.757581 57.213688 10.412439

9.970928 56.984764 57.389919
9.757581 57.213688 10.412439
9.571077 57.079243 29.637285

9.757581 57.213688 10.412439
9.571077 57.079243 29.637285
9.856901 57.132229 53.340092

9.571077 57.079243 29.637285
9.856901 57.132229 53.340092
9.521387 57.029716 9.781632

9.856901 57.132229 53.340092
9.521387 57.029716 9.781632
9.698642 57.051655 29.460917

9.521387 57.029716 9.781632
9.698642 57.051655 29.460917
9.975450 57.003506 55.958958

9.698642 57.051655 29.460917
9.975450 57.003506 55.958958
9.758013 57.214546 10.357596

9.975450 57.003506 55.958958
9.758013 57.214546 10.357596
9.565829 57.078510 29.256189

9.758013 57.214546 10.357596
9.565829 57.078510 29.256189
9.856152 57.130901 52.749783

9.565829 57.078510 29.256189
9.856152 57.130901 52.749783
9.522418 57.028732 9.699768

9.856152 57.130901 52.749783
9.522418 57.028732 9.699768
9.693583 57.051353 29.261778

9.522418 57.028732 9.699768
9.693583 57.051353 29.261778
9.974671 57.007652 55.588760

9.693583 57.051353 29.261778
9.974671 57.007652 55.588760
9.560471 57.054947 8.580276

9.974671 57.007652 55.588760
9.560471 57.054947 8.580276
9.511557 56.975319 28.845852

9.560471 57.054947 8.580276
9.511557 56.975319 28.845852
9.839321 56.875389 57.400486

9.511557 56.975319 28.845852
9.839321 56.875389 57.400486
9.521233 57.023476 9.123300

9.839321 56.875389 57.400486
9.521233 57.023476 9.123300
9.695777 57.059124 29.158789

9.521233 57.023476 9.123300
9.695777 57.059124 29.158789
9.972670 56.989822 57.090580

9.695777 57.059124 29.158789
9.972670 56.989822 57.090580
9.802150 57.109634 7.833618

9.972670 56.989822 57.090580
9.802150 57.109634 7.833618
9.545832 57.083885 28.477180

9.802150 57.109634 7.833618
9.545832 57.083885 28.477180
10.042522 57.155376 64.390236

9.545832 57.083885 28.477180
10.042522 57.155376 64.390236
9.513621 57.018185 8.835642

10.042522 57.155376 64.390236
9.513621 57.018185 8.835642
9.713962 57.060715 29.816046

9.513621 57.018185 8.835642
9.713962 57.060715 29.816046
9.972451 56.979946 60.172165

9.713962 57.060715 29.816046
9.972451 56.979946 60.172165
9.526003 57.028568 9.469887

9.972451 56.979946 60.172165
9.526003 57.028568 9.469887
9.708035 57.054161 30.000509

9.526003 57.028568 9.469887
9.708035 57.054161 30.000509
9.966798 56.986408 58.613022

9.708035 57.054161 30.000509
9.966798 56.986408 58.613022
9.825178 57.125389 9.352562

9.966798 56.986408 58.613022
9.825178 57.125389 9.352562
9.619153 57.007580 29.988501

9.825178 57.125389 9.352562
9.619153 57.007580 29.988501
9.807982 57.100323 56.985378

9.619153 57.007580 29.988501
9.807982 57.100323 56.985378
9.557723 57.055168 8.702760

9.807982 57.100323 56.985378
9.557723 57.055168 8.702760
9.523451 56.971989 29.422499

9.557723 57.055168 8.702760
9.523451 56.971989 29.422499
9.842243 56.872509 58.463768

9.523451 56.971989 29.422499
9.842243 56.872509 58.463768
9.524466 57.027012 9.317210

9.842243 56.872509 58.463768
9.524466 57.027012 9.317210
9.699516 57.057289 29.506638

9.524466 57.027012 9.317210
9.699516 57.057289 29.506638
9.970997 56.984806 57.564053

9.699516 57.057289 29.506638
9.970997 56.984806 57.564053
9.565877 57.055103 8.492728

9.970997 56.984806 57.564053
9.565877 57.055103 8.492728
9.514903 56.973728 29.226519

9.565877 57.055103 8.492728
9.514903 56.973728 29.226519
9.843689 56.872623 58.506187

9.514903 56.973728 29.226519
9.843689 56.872623 58.506187
9.924127 57.156815 8.175888

9.843689 56.872623 58.506187
9.924127 57.156815 8.175888
9.705327 57.135494 29.738379

9.924127 57.156815 8.175888
9.705327 57.135494 29.738379
10.006269 57.037941 54.272915

9.705327 57.135494 29.738379
10.006269 57.037941 54.272915
9.806194 57.109310 7.739397

10.006269 57.037941 54.272915
9.806194 57.109310 7.739397
9.535183 57.083088 28.081850

9.806194 57.109310 7.739397
9.535183 57.083088 28.081850
10.039450 57.157127 63.583088

9.535183 57.083088 28.081850
10.039450 57.157127 63.583088
9.512087 57.017715 8.704370

10.039450 57.157127 63.583088
9.512087 57.017715 8.704370
9.710726 57.060295 29.499422

9.512087 57.017715 8.704370
9.710726 57.060295 29.499422
9.969561 56.984837 59.531391

9.710726 57.060295 29.499422
9.969561 56.984837 59.531391
9.575305 57.053936 8.230404

9.969561 56.984837 59.531391
9.575305 57.053936 8.230404
9.513065 56.975533 29.279593

9.575305 57.053936 8.230404
9.513065 56.975533 29.279593
9.844033 56.871174 59.269329

9.513065 56.975533 29.279593
9.844033 56.871174 59.269329
9.452044 57.068554 8.288682

9.844033 56.871174 59.269329
9.452044 57.068554 8.288682
9.644747 57.093758 30.855259

9.452044 57.068554 8.288682
9.644747 57.093758 30.855259
9.747041 57.041336 57.546631

9.644747 57.093758 30.855259
9.747041 57.041336 57.546631
9.759758 57.215759 10.302549

9.747041 57.041336 57.546631
9.759758 57.215759 10.302549
9.576123 57.079044 29.689976

9.759758 57.215759 10.302549
9.576123 57.079044 29.689976
9.854028 57.133179 53.732059

9.576123 57.079044 29.689976
9.854028 57.133179 53.732059
9.521387 57.029716 9.781632

9.854028 57.133179 53.732059
9.521387 57.029716 9.781632
9.699493 57.052006 29.518005

9.521387 57.029716 9.781632
9.699493 57.052006 29.518005
9.976656 57.001915 56.139301

9.699493 57.052006 29.518005
9.976656 57.001915 56.139301
9.523338 57.028263 9.636654

9.976656 57.001915 56.139301
9.523338 57.028263 9.636654
9.700877 57.055229 29.586559

9.523338 57.028263 9.636654
9.700877 57.055229 29.586559
9.972608 56.993740 56.812202

9.700877 57.055229 29.586559
9.972608 56.993740 56.812202
9.523700 57.028118 9.610673

9.972608 56.993740 56.812202
9.523700 57.028118 9.610673
9.702524 57.056396 29.671427

9.523700 57.028118 9.610673
9.702524 57.056396 29.671427
9.971909 56.988949 57.153263

9.702524 57.056396 29.671427
9.971909 56.988949 57.153263
9.557501 57.055065 8.683069

9.971909 56.988949 57.153263
9.557501 57.055065 8.683069
9.522909 56.972504 29.367142

9.557501 57.055065 8.683069
9.522909 56.972504 29.367142
9.842410 56.872540 58.379345

9.522909 56.972504 29.367142
9.842410 56.872540 58.379345
9.524350 57.027039 9.306037

9.842410 56.872540 58.379345
9.524350 57.027039 9.306037
9.699436 57.057236 29.495329

9.524350 57.027039 9.306037
9.699436 57.057236 29.495329
9.970997 56.984806 57.564053

9.699436 57.057236 29.495329
9.970997 56.984806 57.564053
9.921264 57.156700 8.365762

9.970997 56.984806 57.564053
9.921264 57.156700 8.365762
9.702508 57.135311 29.968925

9.921264 57.156700 8.365762
9.702508 57.135311 29.968925
10.006632 57.038586 54.133362

9.702508 57.135311 29.968925
10.006632 57.038586 54.133362
9.525563 57.027405 9.358250

10.006632 57.038586 54.133362
9.525563 57.027405 9.358250
9.690057 57.054729 29.167948

9.525563 57.027405 9.358250
9.690057 57.054729 29.167948
9.975073 56.997154 56.382465

9.690057 57.054729 29.167948
9.975073 56.997154 56.382465
9.525836 57.028278 9.425290

9.975073 56.997154 56.382465
9.525836 57.028278 9.425290
9.694540 57.054714 29.367069

9.525836 57.028278 9.425290
9.694540 57.054714 29.367069
9.972716 56.993534 56.796833

9.694540 57.054714 29.367069
9.972716 56.993534 56.796833
9.454954 57.069286 8.472843

9.972716 56.993534 56.796833
9.454954 57.069286 8.472843
9.653625 57.098873 30.488998

9.454954 57.069286 8.472843
9.653625 57.098873 30.488998
9.720141 57.035526 56.203644

9.653625 57.098873 30.488998
9.720141 57.035526 56.203644
9.524697 57.028286 9.566269

9.720141 57.035526 56.203644
9.524697 57.028286 9.566269
9.701447 57.056305 29.646296

9.524697 57.028286 9.566269
9.701447 57.056305 29.646296
9.970947 56.988010 57.216290

9.701447 57.056305 29.646296
9.970947 56.988010 57.216290
9.523700 57.028118 9.610673

9.970947 56.988010 57.216290
9.523700 57.028118 9.610673
9.703851 57.057274 29.722382

9.523700 57.028118 9.610673
9.703851 57.057274 29.722382
9.970929 56.985508 57.310833

9.703851 57.057274 29.722382
9.970929 56.985508 57.310833
9.523181 57.028099 9.644071

9.970929 56.985508 57.310833
9.523181 57.028099 9.644071
9.705034 57.057213 29.771797

9.523181 57.028099 9.644071
9.705034 57.057213 29.771797
9.971680 56.985809 57.358242

9.705034 57.057213 29.771797
9.971680 56.985809 57.358242
9.522680 57.028168 9.658930

9.971680 56.985809 57.358242
9.522680 57.028168 9.658930
9.706262 57.057495 29.797194

9.522680 57.028168 9.658930
9.706262 57.057495 29.797194
9.970928 56.984764 57.389919

9.706262 57.057495 29.797194
9.970928 56.984764 57.389919
9.919259 57.156425 8.467284

9.970928 56.984764 57.389919
9.919259 57.156425 8.467284
9.702641 57.135395 30.125055

9.919259 57.156425 8.467284
9.702641 57.135395 30.125055
10.006744 57.038677 54.148872

9.702641 57.135395 30.125055
10.006744 57.038677 54.148872
9.832877 57.127392 9.148787

10.006744 57.038677 54.148872
9.832877 57.127392 9.148787
9.602459 57.006096 29.059803

9.832877 57.127392 9.148787
9.602459 57.006096 29.059803
9.815776 57.093330 55.035606

9.602459 57.006096 29.059803
9.815776 57.093330 55.035606
9.453746 57.068836 8.384168

9.815776 57.093330 55.035606
9.453746 57.068836 8.384168
9.652660 57.101406 29.897976

9.453746 57.068836 8.384168
9.652660 57.101406 29.897976
9.716138 57.036137 55.224014

9.652660 57.101406 29.897976
9.716138 57.036137 55.224014
9.525067 57.027355 9.350785

9.716138 57.036137 55.224014
9.525067 57.027355 9.350785
9.692796 57.054756 29.257530

9.525067 57.027355 9.350785
9.692796 57.054756 29.257530
9.974259 56.995899 56.689293

9.692796 57.054756 29.257530
9.974259 56.995899 56.689293
9.569272 57.054398 8.400493

9.974259 56.995899 56.689293
9.569272 57.054398 8.400493
9.507873 56.976475 28.921421

9.569272 57.054398 8.400493
9.507873 56.976475 28.921421
9.840949 56.873318 57.991013

9.507873 56.976475 28.921421
9.840949 56.873318 57.991013
9.838642 57.130432 8.932012

9.840949 56.873318 57.991013
9.838642 57.130432 8.932012
9.608912 57.007446 29.160440

9.838642 57.130432 8.932012
9.608912 57.007446 29.160440
9.811607 57.095188 56.262901

9.608912 57.007446 29.160440
9.811607 57.095188 56.262901
9.524536 57.026897 9.309760

9.811607 57.095188 56.262901
9.524536 57.026897 9.309760
9.693211 57.055279 29.231201

9.524536 57.026897 9.309760
9.693211 57.055279 29.231201
9.973454 56.995121 56.735413

9.693211 57.055279 29.231201
9.973454 56.995121 56.735413
9.525888 57.028385 9.429009

9.973454 56.995121 56.735413
9.525888 57.028385 9.429009
9.694885 57.054626 29.405909

9.525888 57.028385 9.429009
9.694885 57.054626 29.405909
9.973875 56.993038 56.904343

9.694885 57.054626 29.405909
9.973875 56.993038 56.904343
9.525314 57.028545 9.521839

9.973875 56.993038 56.904343
9.525314 57.028545 9.521839
9.698672 57.055523 29.560453

9.525314 57.028545 9.521839
9.698672 57.055523 29.560453
9.972670 56.989822 57.090580

9.698672 57.055523 29.560453
9.972670 56.989822 57.090580
9.560972 57.055569 8.611919

9.972670 56.989822 57.090580
9.560972 57.055569 8.611919
9.518319 56.972462 29.265375

9.560972 57.055569 8.611919
9.518319 56.972462 29.265375
9.842903 56.873276 58.309380

9.518319 56.972462 29.265375
9.842903 56.873276 58.309380
9.764352 57.217945 9.840099

9.842903 56.873276 58.309380
9.764352 57.217945 9.840099
9.577127 57.083893 28.899405

9.764352 57.217945 9.840099
9.577127 57.083893 28.899405
9.857586 57.133305 53.374504

9.577127 57.083893 28.899405
9.857586 57.133305 53.374504
9.569498 57.055435 8.456723

9.857586 57.133305 53.374504
9.569498 57.055435 8.456723
9.491385 56.979103 28.191122

9.569498 57.055435 8.456723
9.491385 56.979103 28.191122
9.833432 56.876869 56.227776

9.491385 56.979103 28.191122
9.833432 56.876869 56.227776
9.924842 57.156395 8.015842

9.833432 56.876869 56.227776
9.924842 57.156395 8.015842
9.701330 57.139687 29.094740

9.924842 57.156395 8.015842
9.701330 57.139687 29.094740
10.002729 57.037003 53.248314

9.701330 57.139687 29.094740
10.002729 57.037003 53.248314
9.766837 57.218655 9.458293

10.002729 57.037003 53.248314
9.766837 57.218655 9.458293
9.574316 57.090210 27.725370

9.766837 57.218655 9.458293
9.574316 57.090210 27.725370
9.843090 57.124664 51.918755

9.574316 57.090210 27.725370
9.843090 57.124664 51.918755
9.519473 57.021629 9.063314

9.843090 57.124664 51.918755
9.519473 57.021629 9.063314
9.680090 57.053024 28.250803

9.519473 57.021629 9.063314
9.680090 57.053024 28.250803
9.965453 57.020210 54.399330

9.680090 57.053024 28.250803
9.965453 57.020210 54.399330
9.451524 57.068420 8.254634

9.965453 57.020210 54.399330
9.451524 57.068420 8.254634
9.653559 57.104603 29.446419

9.451524 57.068420 8.254634
9.653559 57.104603 29.446419
9.711446 57.033417 54.664032

9.653559 57.104603 29.446419
9.711446 57.033417 54.664032
9.779984 57.073524 7.777643

9.711446 57.033417 54.664032
9.779984 57.073524 7.777643
9.748331 57.110069 27.802544

9.779984 57.073524 7.777643
9.748331 57.110069 27.802544
9.846361 56.907681 57.418022

9.748331 57.110069 27.802544
9.846361 56.907681 57.418022
9.785275 57.222042 8.766417

9.846361 56.907681 57.418022
9.785275 57.222042 8.766417
9.574866 57.095776 27.374670

9.785275 57.222042 8.766417
9.574866 57.095776 27.374670
9.852846 57.128574 52.671745

9.574866 57.095776 27.374670
9.852846 57.128574 52.671745
9.581123 57.045898 7.436095

9.852846 57.128574 52.671745
9.581123 57.045898 7.436095
9.480290 56.999447 26.960043

9.581123 57.045898 7.436095
9.480290 56.999447 26.960043
9.831705 56.875343 55.511086

9.480290 56.999447 26.960043
9.831705 56.875343 55.511086
9.804773 57.225563 8.285571

9.831705 56.875343 55.511086
9.804773 57.225563 8.285571
9.565537 57.099590 26.585720

9.804773 57.225563 8.285571
9.565537 57.099590 26.585720
9.842020 57.123615 51.951927

9.565537 57.099590 26.585720
9.842020 57.123615 51.951927
9.455629 57.069633 7.876217

9.842020 57.123615 51.951927
9.455629 57.069633 7.876217
9.635516 57.107754 28.033558

9.455629 57.069633 7.876217
9.635516 57.107754 28.033558
9.709403 57.032406 52.935535

9.635516 57.107754 28.033558
9.709403 57.032406 52.935535
9.581254 57.045105 7.384598

9.709403 57.032406 52.935535
9.581254 57.045105 7.384598
9.484074 56.998871 27.053823

9.581254 57.045105 7.384598
9.484074 56.998871 27.053823
9.832090 56.875931 55.826248

9.484074 56.998871 27.053823
9.832090 56.875931 55.826248
9.804880 57.225704 8.289265

9.832090 56.875931 55.826248
9.804880 57.225704 8.289265
9.565866 57.099190 26.640348

9.804880 57.225704 8.289265
9.565866 57.099190 26.640348
9.843394 57.124573 52.062500

9.565866 57.099190 26.640348
9.843394 57.124573 52.062500
9.798491 57.224899 8.497552

9.843394 57.124573 52.062500
9.798491 57.224899 8.497552
9.561708 57.098846 26.369555

9.798491 57.224899 8.497552
9.561708 57.098846 26.369555
9.831978 57.118629 51.044422

9.561708 57.098846 26.369555
9.831978 57.118629 51.044422
9.512277 57.017693 8.401150

9.831978 57.118629 51.044422
9.512277 57.017693 8.401150
9.668816 57.050522 27.187134

9.512277 57.017693 8.401150
9.668816 57.050522 27.187134
9.958302 57.031830 53.150089

9.668816 57.050522 27.187134
9.958302 57.031830 53.150089
9.511622 57.016781 8.629086

9.958302 57.031830 53.150089
9.511622 57.016781 8.629086
9.682935 57.059181 27.977606

9.511622 57.016781 8.629086
9.682935 57.059181 27.977606
9.967891 57.010624 54.884209

9.682935 57.059181 27.977606
9.967891 57.010624 54.884209
9.816555 57.109070 7.460469

9.967891 57.010624 54.884209
9.816555 57.109070 7.460469
9.527393 57.085583 27.489538

9.816555 57.109070 7.460469
9.527393 57.085583 27.489538
10.031349 57.154026 63.116776

9.527393 57.085583 27.489538
10.031349 57.154026 63.116776
9.511402 57.017574 8.431591

10.031349 57.154026 63.116776
9.511402 57.017574 8.431591
9.704317 57.060505 29.048096

9.511402 57.017574 8.431591
9.704317 57.060505 29.048096
9.967426 56.983654 58.923233

9.704317 57.060505 29.048096
9.967426 56.983654 58.923233
9.764938 57.218349 9.641611

9.967426 56.983654 58.923233
9.764938 57.218349 9.641611
9.582747 57.086559 28.740835

9.764938 57.218349 9.641611
9.582747 57.086559 28.740835
9.856627 57.134338 53.534557

9.582747 57.086559 28.740835
9.856627 57.134338 53.534557
9.762623 57.216892 10.065440

9.856627 57.134338 53.534557
9.762623 57.216892 10.065440
9.563939 57.082123 28.441401

9.762623 57.216892 10.065440
9.563939 57.082123 28.441401
9.842834 57.124393 51.907711

9.563939 57.082123 28.441401
9.842834 57.124393 51.907711
9.525930 57.028343 9.421574

9.842834 57.124393 51.907711
9.525930 57.028343 9.421574
9.682271 57.050526 28.764025

9.525930 57.028343 9.421574
9.682271 57.050526 28.764025
9.968362 57.010967 54.898361

9.682271 57.050526 28.764025
9.968362 57.010967 54.898361
9.453746 57.068836 8.384168

9.968362 57.010967 54.898361
9.453746 57.068836 8.384168
9.653772 57.103062 29.800156

9.453746 57.068836 8.384168
9.653772 57.103062 29.800156
9.713237 57.034145 55.031883

9.653772 57.103062 29.800156
9.713237 57.034145 55.031883
9.778870 57.073650 7.869696

9.713237 57.034145 55.031883
9.778870 57.073650 7.869696
9.749723 57.108906 28.010220

9.778870 57.073650 7.869696
9.749723 57.108906 28.010220
9.847310 56.908001 57.554897

9.749723 57.108906 28.010220
9.847310 56.908001 57.554897
9.823434 57.108589 7.300653

9.847310 56.908001 57.554897
9.823434 57.108589 7.300653
9.527035 57.087803 27.467033

9.823434 57.108589 7.300653
9.527035 57.087803 27.467033
10.040861 57.155117 63.969982

9.527035 57.087803 27.467033
10.040861 57.155117 63.969982
9.594335 57.046001 7.113995

10.040861 57.155117 63.969982
9.594335 57.046001 7.113995
9.507759 56.988224 28.539255

9.594335 57.046001 7.113995
9.507759 56.988224 28.539255
9.846110 56.869751 59.983524

9.507759 56.988224 28.539255
9.846110 56.869751 59.983524
9.846325 57.132416 8.671865

9.846110 56.869751 59.983524
9.846325 57.132416 8.671865
9.610931 57.009171 28.992296

9.846325 57.132416 8.671865
9.610931 57.009171 28.992296
9.808675 57.099602 56.926964

9.610931 57.009171 28.992296
9.808675 57.099602 56.926964
9.522923 57.025215 9.194212

9.808675 57.099602 56.926964
9.522923 57.025215 9.194212
9.693879 57.056835 29.154928

9.522923 57.025215 9.194212
9.693879 57.056835 29.154928
9.972713 56.993668 56.858250

9.693879 57.056835 29.154928
9.972713 56.993668 56.858250
9.572771 57.053692 8.299515

9.972713 56.993668 56.858250
9.572771 57.053692 8.299515
9.504855 56.978077 28.834951

9.572771 57.053692 8.299515
9.504855 56.978077 28.834951
9.841208 56.873131 58.018459

9.504855 56.978077 28.834951
9.841208 56.873131 58.018459
9.519203 57.021431 9.059571

9.841208 56.873131 58.018459
9.519203 57.021431 9.059571
9.698468 57.061775 29.165617

9.519203 57.021431 9.059571
9.698468 57.061775 29.165617
9.970929 56.985508 57.310833

9.698468 57.061775 29.165617
9.970929 56.985508 57.310833
9.835006 57.128235 9.083101

9.970929 56.985508 57.310833
9.835006 57.128235 9.083101
9.608356 57.006687 29.322138

9.835006 57.128235 9.083101
9.608356 57.006687 29.322138
9.811489 57.098480 56.095718

9.608356 57.006687 29.322138
9.811489 57.098480 56.095718
9.525117 57.027752 9.388081

9.811489 57.098480 56.095718
9.525117 57.027752 9.388081
9.693955 57.054680 29.309706

9.525117 57.027752 9.388081
9.693955 57.054680 29.309706
9.973454 56.995121 56.735413

9.693955 57.054680 29.309706
9.973454 56.995121 56.735413
9.760642 57.216244 10.173625

9.973454 56.995121 56.735413
9.760642 57.216244 10.173625
9.569450 57.080414 29.101965

9.760642 57.216244 10.173625
9.569450 57.080414 29.101965
9.855794 57.130291 52.929409

9.569450 57.080414 29.101965
9.855794 57.130291 52.929409
9.795664 57.109898 7.992559

9.855794 57.130291 52.929409
9.795664 57.109898 7.992559
9.542161 57.079975 28.310957

9.795664 57.109898 7.992559
9.542161 57.079975 28.310957
10.030072 57.155888 62.871563

9.542161 57.079975 28.310957
10.030072 57.155888 62.871563
9.452370 57.068855 8.131156

10.030072 57.155888 62.871563
9.452370 57.068855 8.131156
9.639500 57.089466 31.254293

9.452370 57.068855 8.131156
9.639500 57.089466 31.254293
9.764575 57.045204 59.075344

9.639500 57.089466 31.254293
9.764575 57.045204 59.075344
9.523427 57.028286 9.647781

9.764575 57.045204 59.075344
9.523427 57.028286 9.647781
9.714215 57.054928 30.221924

9.523427 57.028286 9.647781
9.714215 57.054928 30.221924
9.967400 56.985687 58.732784

9.714215 57.054928 30.221924
9.967400 56.985687 58.732784
9.791480 57.109798 8.088722

9.967400 56.985687 58.732784
9.791480 57.109798 8.088722
9.569314 57.080975 29.343040

9.791480 57.109798 8.088722
9.569314 57.080975 29.343040
10.046931 57.163933 65.854553

9.569314 57.080975 29.343040
10.046931 57.163933 65.854553
9.522346 57.024242 9.138252

10.046931 57.163933 65.854553
9.522346 57.024242 9.138252
9.716780 57.056824 30.382504

9.522346 57.024242 9.138252
9.716780 57.056824 30.382504
9.968288 56.973518 61.088062

9.716780 57.056824 30.382504
9.968288 56.973518 61.088062
9.522075 57.028339 9.688622

9.968288 56.973518 61.088062
9.522075 57.028339 9.688622
9.719251 57.054455 30.465731

9.522075 57.028339 9.688622
9.719251 57.054455 30.465731
9.968907 56.984283 59.385689

9.719251 57.054455 30.465731
9.968907 56.984283 59.385689
9.548514 57.055607 9.048517

9.968907 56.984283 59.385689
9.548514 57.055607 9.048517
9.542615 56.966152 30.260286

9.548514 57.055607 9.048517
9.542615 56.966152 30.260286
9.844709 56.870270 59.593716

9.542615 56.966152 30.260286
9.844709 56.870270 59.593716
9.758432 57.214615 10.372853

9.844709 56.870270 59.593716
9.758432 57.214615 10.372853
9.583444 57.080723 30.100628

9.758432 57.214615 10.372853
9.583444 57.080723 30.100628
9.849218 57.132088 54.360088

9.583444 57.080723 30.100628
9.849218 57.132088 54.360088
9.915879 57.156063 8.580878

9.849218 57.132088 54.360088
9.915879 57.156063 8.580878
9.697730 57.138874 29.939856

9.915879 57.156063 8.580878
9.697730 57.138874 29.939856
10.002805 57.037182 53.278255

9.697730 57.138874 29.939856
10.002805 57.037182 53.278255
9.525836 57.028278 9.425290

10.002805 57.037182 53.278255
9.525836 57.028278 9.425290
9.688004 57.052322 29.125715

9.525836 57.028278 9.425290
9.688004 57.052322 29.125715
9.976231 57.003212 56.033966

9.688004 57.052322 29.125715
9.976231 57.003212 56.033966
9.454430 57.068939 8.445733

9.976231 57.003212 56.033966
9.454430 57.068939 8.445733
9.653233 57.100372 30.226284

9.454430 57.068939 8.445733
9.653233 57.100372 30.226284
9.718591 57.035686 55.726498

9.653233 57.100372 30.226284
9.718591 57.035686 55.726498
9.526509 57.028950 9.477301

9.718591 57.035686 55.726498
9.526509 57.028950 9.477301
9.695087 57.054207 29.454777

9.526509 57.028950 9.477301
9.695087 57.054207 29.454777
9.973875 56.993038 56.904343

9.695087 57.054207 29.454777
9.973875 56.993038 56.904343
9.561373 57.054901 8.560451

9.973875 56.993038 56.904343
9.561373 57.054901 8.560451
9.516945 56.973911 29.149242

9.561373 57.054901 8.560451
9.516945 56.973911 29.149242
9.842170 56.873798 58.156399

9.516945 56.973911 29.149242
9.842170 56.873798 58.156399
9.522766 57.025547 9.209138

9.842170 56.873798 58.156399
9.522766 57.025547 9.209138
9.698491 57.058414 29.351099

9.522766 57.025547 9.209138
9.698491 57.058414 29.351099
9.970698 56.985176 57.421562

9.698491 57.058414 29.351099
9.970698 56.985176 57.421562
9.454430 57.068939 8.445733

9.970698 56.985176 57.421562
9.454430 57.068939 8.445733
9.651891 57.097443 30.635513

9.454430 57.068939 8.445733
9.651891 57.097443 30.635513
9.725872 57.037350 56.590656

9.651891 57.097443 30.635513
9.725872 57.037350 56.590656
9.560972 57.055569 8.611919

9.725872 57.037350 56.590656
9.560972 57.055569 8.611919
9.520126 56.971905 29.364555

9.560972 57.055569 8.611919
9.520126 56.971905 29.364555
9.843971 56.872959 58.548679

9.520126 56.971905 29.364555
9.843971 56.872959 58.548679
9.524169 57.026413 9.283699

9.843971 56.872959 58.548679
9.524169 57.026413 9.283699
9.699228 57.057747 29.472715

9.524169 57.026413 9.283699
9.699228 57.057747 29.472715
9.970997 56.984806 57.564053

9.699228 57.057747 29.472715
9.970997 56.984806 57.564053
9.455018 57.069344 8.468959

9.970997 56.984806 57.564053
9.455018 57.069344 8.468959
9.651642 57.096668 30.730072

9.455018 57.069344 8.468959
9.651642 57.096668 30.730072
9.726794 57.037434 56.734726

9.651642 57.096668 30.730072
9.726794 57.037434 56.734726
9.796023 57.109760 7.980207

9.726794 57.037434 56.734726
9.796023 57.109760 7.980207
9.557421 57.083961 28.889715

9.796023 57.109760 7.980207
9.557421 57.083961 28.889715
10.042406 57.154846 64.934708

9.557421 57.083961 28.889715
10.042406 57.154846 64.934708
9.767299 57.218513 9.355348

10.042406 57.154846 64.934708
9.767299 57.218513 9.355348
9.608037 57.094700 29.538616

9.767299 57.218513 9.355348
9.608037 57.094700 29.538616
9.838863 57.128422 55.960270

9.608037 57.094700 29.538616
9.838863 57.128422 55.960270
9.455327 57.069420 8.476740

9.838863 57.128422 55.960270
9.455327 57.069420 8.476740
9.652235 57.099365 30.352022

9.455327 57.069420 8.476740
9.652235 57.099365 30.352022
9.720638 57.035748 55.906223

9.652235 57.099365 30.352022
9.720638 57.035748 55.906223
9.779887 57.072685 8.001609

9.720638 57.035748 55.906223
9.779887 57.072685 8.001609
9.740865 57.109074 28.367952

9.779887 57.072685 8.001609
9.740865 57.109074 28.367952
9.859292 56.907639 57.837688

9.740865 57.109074 28.367952
9.859292 56.907639 57.837688
9.579460 57.046818 7.513241

9.859292 56.907639 57.837688
9.579460 57.046818 7.513241
9.503832 56.989487 28.147495

9.579460 57.046818 7.513241
9.503832 56.989487 28.147495
9.842029 56.873741 58.101139

9.503832 56.989487 28.147495
9.842029 56.873741 58.101139
9.512452 57.017159 8.640391

9.842029 56.873741 58.101139
9.512452 57.017159 8.640391
9.695391 57.062725 28.676834

9.512452 57.017159 8.640391
9.695391 57.062725 28.676834
9.972670 56.989822 57.090580

9.695391 57.062725 28.676834
9.972670 56.989822 57.090580
9.451524 57.068420 8.254634

9.972670 56.989822 57.090580
9.451524 57.068420 8.254634
9.652363 57.099720 30.135443

9.451524 57.068420 8.254634
9.652363 57.099720 30.135443
9.720280 57.035233 56.042709

9.652363 57.099720 30.135443
9.720280 57.035233 56.042709
9.761689 57.216602 10.071643

9.720280 57.035233 56.042709
9.761689 57.216602 10.071643
9.571416 57.081833 28.997105

9.761689 57.216602 10.071643
9.571416 57.081833 28.997105
9.855670 57.130314 52.985783

9.571416 57.081833 28.997105
9.855670 57.130314 52.985783
9.760007 57.215874 10.290282

9.855670 57.130314 52.985783
9.760007 57.215874 10.290282
9.560745 57.079388 28.691114

9.760007 57.215874 10.290282
9.560745 57.079388 28.691114
9.841147 57.123524 51.819359

9.560745 57.079388 28.691114
9.841147 57.123524 51.819359
9.829700 57.126522 9.239551

9.841147 57.123524 51.819359
9.829700 57.126522 9.239551
9.596526 57.004051 28.613997

9.829700 57.126522 9.239551
9.596526 57.004051 28.613997
9.809656 57.087238 53.409309

9.596526 57.004051 28.613997
9.809656 57.087238 53.409309
9.582813 57.054119 8.087002

9.809656 57.087238 53.409309
9.582813 57.054119 8.087002
9.478234 56.983673 27.796211

9.582813 57.054119 8.087002
9.478234 56.983673 27.796211
9.833629 56.877098 56.117897

9.478234 56.983673 27.796211
9.833629 56.877098 56.117897
9.929074 57.157188 7.896979

9.833629 56.877098 56.117897
9.929074 57.157188 7.896979
9.698414 57.139599 28.859591

9.929074 57.157188 7.896979
9.698414 57.139599 28.859591
10.001011 57.036007 53.113747

9.698414 57.139599 28.859591
10.001011 57.036007 53.113747
9.766755 57.217915 9.328657

10.001011 57.036007 53.113747
9.766755 57.217915 9.328657
9.577139 57.093311 27.537148

9.766755 57.217915 9.328657
9.577139 57.093311 27.537148
9.841147 57.123524 51.819359

9.577139 57.093311 27.537148
9.841147 57.123524 51.819359
9.451400 57.068748 8.183196

9.841147 57.123524 51.819359
9.451400 57.068748 8.183196
9.649298 57.108749 28.702887

9.451400 57.068748 8.183196
9.649298 57.108749 28.702887
9.710261 57.032475 53.406338

9.649298 57.108749 28.702887
9.710261 57.032475 53.406338
9.451522 57.068592 8.186941

9.710261 57.032475 53.406338
9.451522 57.068592 8.186941
9.653494 57.105061 29.252075

9.451522 57.068592 8.186941
9.653494 57.105061 29.252075
9.707869 57.032940 54.455994

9.653494 57.105061 29.252075
9.707869 57.032940 54.455994
9.520852 57.023315 9.119555

9.707869 57.032940 54.455994
9.520852 57.023315 9.119555
9.689135 57.057064 28.891253

9.520852 57.023315 9.119555
9.689135 57.057064 28.891253
9.976964 57.000057 56.260597

9.689135 57.057064 28.891253
9.976964 57.000057 56.260597
9.579329 57.053989 8.152730

9.976964 57.000057 56.260597
9.579329 57.053989 8.152730
9.494750 56.979633 28.478889

9.579329 57.053989 8.152730
9.494750 56.979633 28.478889
9.838779 56.874996 57.505856

9.494750 56.979633 28.478889
9.838779 56.874996 57.505856
9.768291 57.218571 9.285254

9.838779 56.874996 57.505856
9.768291 57.218571 9.285254
9.581305 57.091934 28.030119

9.768291 57.218571 9.285254
9.581305 57.091934 28.030119
9.856279 57.130669 52.918152

9.581305 57.091934 28.030119
9.856279 57.130669 52.918152
9.582556 57.051456 7.896769

9.856279 57.130669 52.918152
9.582556 57.051456 7.896769
9.477731 56.989738 27.488386

9.582556 57.051456 7.896769
9.477731 56.989738 27.488386
9.831887 56.875736 55.814121

9.477731 56.989738 27.488386
9.831887 56.875736 55.814121
9.787318 57.222210 8.677561

9.831887 56.875736 55.814121
9.787318 57.222210 8.677561
9.573095 57.097038 27.053564

9.787318 57.222210 8.677561
9.573095 57.097038 27.053564
9.845249 57.126316 52.184353

9.573095 57.097038 27.053564
9.845249 57.126316 52.184353
9.846523 57.132423 8.683758

9.845249 57.126316 52.184353
9.846523 57.132423 8.683758
9.590834 57.007416 27.612692

9.846523 57.132423 8.683758
9.590834 57.007416 27.612692
9.803248 57.079205 52.780376

9.590834 57.007416 27.612692
9.803248 57.079205 52.780376
9.845916 57.132053 8.755777

9.803248 57.079205 52.780376
9.845916 57.132053 8.755777
9.590596 57.005310 27.918770

9.845916 57.132053 8.755777
9.590596 57.005310 27.918770
9.808310 57.085873 53.348167

9.590596 57.005310 27.918770
9.808310 57.085873 53.348167
9.451784 57.068989 8.157066

9.808310 57.085873 53.348167
9.451784 57.068989 8.157066
9.653065 57.106129 29.058985

9.451784 57.068989 8.157066
9.653065 57.106129 29.058985
9.705635 57.031750 54.158951

9.653065 57.106129 29.058985
9.705635 57.031750 54.158951
9.519143 57.021629 9.067061

9.705635 57.031750 54.158951
9.519143 57.021629 9.067061
9.688542 57.057667 28.768749

9.519143 57.021629 9.067061
9.688542 57.057667 28.768749
9.976231 57.003212 56.033966

9.688542 57.057667 28.768749
9.976231 57.003212 56.033966
9.582040 57.053951 8.086997

9.976231 57.003212 56.033966
9.582040 57.053951 8.086997
9.490931 56.980396 28.366573

9.582040 57.053951 8.086997
9.490931 56.980396 28.366573
9.839297 56.875343 57.387329

9.490931 56.980396 28.366573
9.839297 56.875343 57.387329
9.513941 57.018639 8.865632

9.839297 56.875343 57.387329
9.513941 57.018639 8.865632
9.696289 57.061722 28.816114

9.513941 57.018639 8.865632
9.696289 57.061722 28.816114
9.972651 56.993702 56.827576

9.696289 57.061722 28.816114
9.972651 56.993702 56.827576
9.807669 57.109234 7.696890

9.972651 56.993702 56.827576
9.807669 57.109234 7.696890
9.538917 57.084309 28.162178

9.807669 57.109234 7.696890
9.538917 57.084309 28.162178
10.040978 57.156990 64.109276

9.538917 57.084309 28.162178
10.040978 57.156990 64.109276
9.512763 57.017975 8.715647

10.040978 57.156990 64.109276
9.512763 57.017975 8.715647
9.711723 57.060295 29.607292

9.512763 57.017975 8.715647
9.711723 57.060295 29.607292
9.970304 56.982300 59.866989

9.711723 57.060295 29.607292
9.970304 56.982300 59.866989
9.762127 57.216557 10.056148

9.970304 56.982300 59.866989
9.762127 57.216557 10.056148
9.585130 57.083675 29.609180

9.762127 57.216557 10.056148
9.585130 57.083675 29.609180
9.849493 57.131981 54.236492

9.585130 57.083675 29.609180
9.849493 57.131981 54.236492
9.522095 57.028721 9.703487

9.849493 57.131981 54.236492
9.522095 57.028721 9.703487
9.698404 57.053810 29.487476

9.522095 57.028721 9.703487
9.698404 57.053810 29.487476
9.976572 56.999004 56.291019

9.698404 57.053810 29.487476
9.976572 56.999004 56.291019
9.559792 57.055447 8.651468

9.976572 56.999004 56.291019
9.559792 57.055447 8.651468
9.516605 56.973316 29.143072

9.559792 57.055447 8.651468
9.516605 56.973316 29.143072
9.840927 56.873390 57.922569

9.516605 56.973316 29.143072
9.840927 56.873390 57.922569
9.452552 57.068462 8.311549

9.840927 56.873390 57.922569
9.452552 57.068462 8.311549
9.651320 57.097336 30.535816

9.452552 57.068462 8.311549
9.651320 57.097336 30.535816
9.726447 57.037003 56.746826

9.651320 57.097336 30.535816
9.726447 57.037003 56.746826
9.525314 57.028545 9.521839

9.726447 57.037003 56.746826
9.525314 57.028545 9.521839
9.701430 57.056515 29.667452

9.525314 57.028545 9.521839
9.701430 57.056515 29.667452
9.970698 56.985176 57.421562

9.701430 57.056515 29.667452
9.970698 56.985176 57.421562
9.920276 57.156639 8.440992

9.970698 56.985176 57.421562
9.920276 57.156639 8.440992
9.701739 57.135208 30.080147

9.920276 57.156639 8.440992
9.701739 57.135208 30.080147
10.006632 57.038586 54.133362

9.701739 57.135208 30.080147
10.006632 57.038586 54.133362
9.571291 57.054359 8.368269

10.006632 57.038586 54.133362
9.571291 57.054359 8.368269
9.496344 56.978615 28.448881

9.571291 57.054359 8.368269
9.496344 56.978615 28.448881
9.838212 56.876331 56.973709

9.496344 56.978615 28.448881
9.838212 56.876331 56.973709
9.581205 57.049088 7.721043

9.838212 56.876331 56.973709
9.581205 57.049088 7.721043
9.497517 56.987263 28.174435

9.581205 57.049088 7.721043
9.497517 56.987263 28.174435
9.840903 56.873886 57.718975

9.497517 56.987263 28.174435
9.840903 56.873886 57.718975
9.452793 57.069073 8.072549

9.840903 56.873886 57.718975
9.452793 57.069073 8.072549
9.646899 57.097836 29.925776

9.452793 57.069073 8.072549
9.646899 57.097836 29.925776
9.720493 57.035610 56.111458

9.646899 57.097836 29.925776
9.720493 57.035610 56.111458
9.523849 57.026424 9.287426

9.720493 57.035610 56.111458
9.523849 57.026424 9.287426
9.694875 57.056400 29.273548

9.523849 57.026424 9.287426
9.694875 57.056400 29.273548
9.973293 56.992096 56.935173

9.694875 57.056400 29.273548
9.973293 56.992096 56.935173
9.832552 57.127533 9.145658

9.973293 56.992096 56.935173
9.832552 57.127533 9.145658
9.609294 57.006348 29.355864

9.832552 57.127533 9.145658
9.609294 57.006348 29.355864
9.810677 57.098255 55.930729

9.609294 57.006348 29.355864
9.810677 57.098255 55.930729
9.525930 57.028343 9.421574

9.810677 57.098255 55.930729
9.525930 57.028343 9.421574
9.693583 57.054283 29.338478

9.525930 57.028343 9.421574
9.693583 57.054283 29.338478
9.973558 56.994915 56.720047

9.693583 57.054283 29.338478
9.973558 56.994915 56.720047
9.760444 57.216366 10.204382

9.973558 56.994915 56.720047
9.760444 57.216366 10.204382
9.569211 57.079849 29.148714

9.760444 57.216366 10.204382
9.569211 57.079849 29.148714
9.855270 57.129929 52.940659

9.569211 57.079849 29.148714
9.855270 57.129929 52.940659
9.557292 57.055084 8.710626

9.855270 57.129929 52.940659
9.557292 57.055084 8.710626
9.503068 56.977356 28.400230

9.557292 57.055084 8.710626
9.503068 56.977356 28.400230
9.833951 56.877365 56.142250

9.503068 56.977356 28.400230
9.833951 56.877365 56.142250
9.839818 57.130791 8.898357

9.833951 56.877365 56.142250
9.839818 57.130791 8.898357
9.601284 57.005337 28.730919

9.839818 57.130791 8.898357
9.601284 57.005337 28.730919
9.816256 57.094807 55.103741

9.601284 57.005337 28.730919
9.816256 57.094807 55.103741
9.809180 57.109432 7.672587

9.816256 57.094807 55.103741
9.809180 57.109432 7.672587
9.532702 57.083103 27.938580

9.809180 57.109432 7.672587
9.532702 57.083103 27.938580
10.036198 57.156963 63.472595

9.532702 57.083103 27.938580
10.036198 57.156963 63.472595
9.512625 57.017258 8.632854

10.036198 57.156963 63.472595
9.512625 57.017258 8.632854
9.708552 57.060711 29.384668

9.512625 57.017258 8.632854
9.708552 57.060711 29.384668
9.968907 56.984283 59.385689

9.708552 57.060711 29.384668
9.968907 56.984283 59.385689
9.578498 57.053940 8.160930

9.968907 56.984283 59.385689
9.578498 57.053940 8.160930
9.509145 56.976219 29.171459

9.578498 57.053940 8.160930
9.509145 56.976219 29.171459
9.844453 56.871506 59.166740

9.509145 56.976219 29.171459
9.844453 56.871506 59.166740
9.451527 57.068443 8.258410

9.844453 56.871506 59.166740
9.451527 57.068443 8.258410
9.645506 57.094017 30.755812

9.451527 57.068443 8.258410
9.645506 57.094017 30.755812
9.744051 57.041424 57.405552

9.645506 57.094017 30.755812
9.744051 57.041424 57.405552
9.523868 57.028320 9.584751

9.744051 57.041424 57.405552
9.523868 57.028320 9.584751
9.706420 57.056679 29.841671

9.523868 57.028320 9.584751
9.706420 57.056679 29.841671
9.969513 56.984200 57.755249

9.706420 57.056679 29.841671
9.969513 56.984200 57.755249
9.455104 57.068836 8.566613

9.969513 56.984200 57.755249
9.455104 57.068836 8.566613
9.650336 57.096081 30.987095

9.455104 57.068836 8.566613
9.650336 57.096081 30.987095
9.735787 57.039295 57.040642

9.650336 57.096081 30.987095
9.735787 57.039295 57.040642
9.793873 57.109997 8.038976

9.735787 57.039295 57.040642
9.793873 57.109997 8.038976
9.561230 57.083103 29.050512

9.793873 57.109997 8.038976
9.561230 57.083103 29.050512
10.042925 57.155666 65.138039

9.561230 57.083103 29.050512
10.042925 57.155666 65.138039
9.766786 57.218735 9.454988

10.042925 57.155666 65.138039
9.766786 57.218735 9.454988
9.608675 57.093468 29.757019

9.766786 57.218735 9.454988
9.608675 57.093468 29.757019
9.836800 57.128170 56.205246

9.608675 57.093468 29.757019
9.836800 57.128170 56.205246
9.523700 57.028118 9.610673

9.836800 57.128170 56.205246
9.523700 57.028118 9.610673
9.700227 57.055401 29.590471

9.523700 57.028118 9.610673
9.700227 57.055401 29.590471
9.973875 56.993038 56.904343

9.700227 57.055401 29.590471
9.973875 56.993038 56.904343
9.559792 57.055447 8.651468

9.973875 56.993038 56.904343
9.559792 57.055447 8.651468
9.518916 56.972244 29.270729

9.559792 57.055447 8.651468
9.518916 56.972244 29.270729
9.842406 56.873749 58.225704

9.518916 56.972244 29.270729
9.842406 56.873749 58.225704
9.453671 57.068939 8.349744

9.842406 56.873749 58.225704
9.453671 57.068939 8.349744
9.647742 57.095581 30.693611

9.453671 57.068939 8.349744
9.647742 57.095581 30.693611
9.734799 57.038857 56.991138

9.647742 57.095581 30.693611
9.734799 57.038857 56.991138
9.523579 57.028088 9.592140

9.734799 57.038857 56.991138
9.523579 57.028088 9.592140
9.705507 57.057198 29.775833

9.523579 57.028088 9.592140
9.705507 57.057198 29.775833
9.969419 56.984566 57.532330

9.705507 57.057198 29.775833
9.969419 56.984566 57.532330
9.455134 57.068913 8.554815

9.969419 56.984566 57.532330
9.455134 57.068913 8.554815
9.650417 57.096172 30.896290

9.455134 57.068913 8.554815
9.650417 57.096172 30.896290
9.733894 57.039577 56.868229

9.650417 57.096172 30.896290
9.733894 57.039577 56.868229
9.522046 57.028374 9.673777

9.733894 57.039577 56.868229
9.522046 57.028374 9.673777
9.708243 57.057041 29.869556

9.522046 57.028374 9.673777
9.708243 57.057041 29.869556
9.970997 56.984806 57.564053

9.708243 57.057041 29.869556
9.970997 56.984806 57.564053
9.553287 57.055233 8.816336

9.970997 56.984806 57.564053
9.553287 57.055233 8.816336
9.529397 56.970249 29.623333

9.553287 57.055233 8.816336
9.529397 56.970249 29.623333
9.843914 56.872753 58.662468

9.529397 56.970249 29.623333
9.843914 56.872753 58.662468
9.833699 57.127949 9.117484

9.843914 56.872753 58.662468
9.833699 57.127949 9.117484
9.613302 57.007874 29.594229

9.833699 57.127949 9.117484
9.613302 57.007874 29.594229
9.807780 57.098625 56.792065

9.613302 57.007874 29.594229
9.807780 57.098625 56.792065
9.569551 57.055305 8.448707

9.807780 57.098625 56.792065
9.569551 57.055305 8.448707
9.508357 56.974365 29.037861

9.569551 57.055305 8.448707
9.508357 56.974365 29.037861
9.842170 56.873798 58.156399

9.508357 56.974365 29.037861
9.842170 56.873798 58.156399
9.924798 57.157185 8.130856

9.842170 56.873798 58.156399
9.924798 57.157185 8.130856
9.704493 57.135174 29.621302

9.924798 57.157185 8.130856
9.704493 57.135174 29.621302
10.006744 57.038677 54.148872

9.704493 57.135174 29.621302
10.006744 57.038677 54.148872
9.522613 57.025352 9.216597

10.006744 57.038677 54.148872
9.522613 57.025352 9.216597
9.689069 57.055431 28.988054

9.522613 57.025352 9.216597
9.689069 57.055431 28.988054
9.976964 57.000057 56.260597

9.689069 57.055431 28.988054
9.976964 57.000057 56.260597
9.922004 57.157036 8.297904

9.976964 57.000057 56.260597
9.922004 57.157036 8.297904
9.699079 57.136997 29.629253

9.922004 57.157036 8.297904
9.699079 57.136997 29.629253
10.003410 57.037792 53.534775

9.699079 57.136997 29.629253
10.003410 57.037792 53.534775
9.583116 57.054493 8.111701

10.003410 57.037792 53.534775
9.583116 57.054493 8.111701
9.481358 56.981392 28.009079

9.583116 57.054493 8.111701
9.481358 56.981392 28.009079
9.836234 56.877552 56.535507

9.481358 56.981392 28.009079
9.836234 56.877552 56.535507
9.822009 57.108501 7.333762

9.836234 56.877552 56.535507
9.822009 57.108501 7.333762
9.525369 57.086914 27.442595

9.822009 57.108501 7.333762
9.525369 57.086914 27.442595
10.040685 57.156502 63.694016

9.525369 57.086914 27.442595
10.040685 57.156502 63.694016
9.848241 57.133583 8.494224

10.040685 57.156502 63.694016
9.848241 57.133583 8.494224
9.622604 57.012306 29.077513

9.848241 57.133583 8.494224
9.622604 57.012306 29.077513
9.790039 57.100174 58.077286

9.622604 57.012306 29.077513
9.790039 57.100174 58.077286
9.522837 57.024979 9.179309

9.790039 57.100174 58.077286
9.522837 57.024979 9.179309
9.697657 57.059044 29.310808

9.522837 57.024979 9.179309
9.697657 57.059044 29.310808
9.970928 56.984764 57.389919

9.697657 57.059044 29.310808
9.970928 56.984764 57.389919
9.921593 57.157040 8.336549

9.970928 56.984764 57.389919
9.921593 57.157040 8.336549
9.701444 57.135521 29.851114

9.921593 57.157040 8.336549
9.701444 57.135521 29.851114
10.005943 57.038174 53.947968

9.701444 57.135521 29.851114
10.005943 57.038174 53.947968
9.576076 57.054123 8.230409

10.005943 57.038174 53.947968
9.576076 57.054123 8.230409
9.489850 56.980698 28.232445

9.576076 57.054123 8.230409
9.489850 56.980698 28.232445
9.838399 56.876190 56.784698

9.489850 56.980698 28.232445
9.838399 56.876190 56.784698
9.779146 57.072586 7.631709

9.838399 56.876190 56.784698
9.779146 57.072586 7.631709
9.750566 57.109108 27.698219

9.779146 57.072586 7.631709
9.750566 57.109108 27.698219
9.847068 56.908138 57.579681

9.750566 57.109108 27.698219
9.847068 56.908138 57.579681
9.455060 57.069256 7.937722

9.847068 56.908138 57.579681
9.455060 57.069256 7.937722
9.640656 57.097603 29.595203

9.455060 57.069256 7.937722
9.640656 57.097603 29.595203
9.720340 57.036091 55.804798

9.640656 57.097603 29.595203
9.720340 57.036091 55.804798
9.765187 57.218739 9.667489

9.720340 57.036091 55.804798
9.765187 57.218739 9.667489
9.574610 57.085674 28.375490

9.765187 57.218739 9.667489
9.574610 57.085674 28.375490
9.856152 57.130901 52.749783

9.574610 57.085674 28.375490
9.856152 57.130901 52.749783
9.762276 57.217285 9.928326

9.856152 57.130901 52.749783
9.762276 57.217285 9.928326
9.566668 57.085335 28.128931

9.762276 57.217285 9.928326
9.566668 57.085335 28.128931
9.838904 57.120480 51.621151

9.566668 57.085335 28.128931
9.838904 57.120480 51.621151
9.579680 57.054134 8.156830

9.838904 57.120480 51.621151
9.579680 57.054134 8.156830
9.472333 56.987103 27.511782

9.579680 57.054134 8.156830
9.472333 56.987103 27.511782
9.831577 56.875507 55.344330

9.472333 56.987103 27.511782
9.831577 56.875507 55.344330
9.453202 57.068939 8.025126

9.831577 56.875507 55.344330
9.453202 57.068939 8.025126
9.647039 57.103142 29.167778

9.453202 57.068939 8.025126
9.647039 57.103142 29.167778
9.709995 57.032711 54.716137

9.647039 57.103142 29.167778
9.709995 57.032711 54.716137
9.581119 57.050217 7.838381

9.709995 57.032711 54.716137
9.581119 57.050217 7.838381
9.488455 56.987740 27.885679

9.581119 57.050217 7.838381
9.488455 56.987740 27.885679
9.837881 56.875668 56.809784

9.488455 56.987740 27.885679
9.837881 56.875668 56.809784
9.783426 57.222023 8.829873

9.837881 56.875668 56.809784
9.783426 57.222023 8.829873
9.574839 57.095367 27.365854

9.783426 57.222023 8.829873
9.574839 57.095367 27.365854
9.850036 57.127110 52.527412

9.574839 57.095367 27.365854
9.850036 57.127110 52.527412
9.777682 57.221161 9.068958

9.850036 57.127110 52.527412
9.777682 57.221161 9.068958
9.568747 57.094959 27.029694

9.777682 57.221161 9.068958
9.568747 57.094959 27.029694
9.836636 57.118881 51.311131

9.568747 57.094959 27.029694
9.836636 57.118881 51.311131
9.580814 57.045738 7.427515

9.836636 57.118881 51.311131
9.580814 57.045738 7.427515
9.474274 57.004654 26.623045

9.580814 57.045738 7.427515
9.474274 57.004654 26.623045
9.826826 56.872154 54.772064

9.474274 57.004654 26.623045
9.826826 56.872154 54.772064
9.518336 57.017994 8.238228

9.826826 56.872154 54.772064
9.518336 57.017994 8.238228
9.672061 57.056900 27.711954

9.518336 57.017994 8.238228
9.672061 57.056900 27.711954
9.973272 57.008358 55.240791

9.672061 57.056900 27.711954
9.973272 57.008358 55.240791
9.510533 57.017326 8.753158

9.973272 57.008358 55.240791
9.510533 57.017326 8.753158
9.690459 57.060276 28.424259

9.510533 57.017326 8.753158
9.690459 57.060276 28.424259
9.975800 57.003944 55.929047

9.690459 57.060276 28.424259
9.975800 57.003944 55.929047
9.581119 57.050217 7.838381

9.975800 57.003944 55.929047
9.581119 57.050217 7.838381
9.491003 56.986221 28.004169

9.581119 57.050217 7.838381
9.491003 56.986221 28.004169
9.838682 56.876884 57.075684

9.491003 56.986221 28.004169
9.838682 56.876884 57.075684
9.512356 57.017796 8.711886

9.838682 56.876884 57.075684
9.512356 57.017796 8.711886
9.693477 57.061382 28.609831

9.512356 57.017796 8.711886
9.693477 57.061382 28.609831
9.974246 56.995697 56.658554

9.693477 57.061382 28.609831
9.974246 56.995697 56.658554
9.924342 57.156757 8.095575

9.974246 56.995697 56.658554
9.924342 57.156757 8.095575
9.701912 57.137867 29.326159

9.924342 57.156757 8.095575
9.701912 57.137867 29.326159
10.003410 57.037792 53.534775

9.701912 57.137867 29.326159
10.003410 57.037792 53.534775
9.582414 57.052223 7.942468

10.003410 57.037792 53.534775
9.582414 57.052223 7.942468
9.483573 56.985855 27.804768

9.582414 57.052223 7.942468
9.483573 56.985855 27.804768
9.834092 56.876678 56.424408

9.483573 56.985855 27.804768
9.834092 56.876678 56.424408
9.511460 57.017216 8.685589

9.834092 56.876678 56.424408
9.511460 57.017216 8.685589
9.692233 57.061634 28.521524

9.511460 57.017216 8.685589
9.692233 57.061634 28.521524
9.975147 56.997063 56.459133

9.692233 57.061634 28.521524
9.975147 56.997063 56.459133
9.765362 57.218140 9.494620

9.975147 56.997063 56.459133
9.765362 57.218140 9.494620
9.578493 57.090084 28.104105

9.765362 57.218140 9.494620
9.578493 57.090084 28.104105
9.851722 57.127285 52.605160

9.578493 57.090084 28.104105
9.851722 57.127285 52.605160
9.584519 57.053516 8.004587

9.851722 57.127285 52.605160
9.584519 57.053516 8.004587
9.473949 56.986954 27.568155

9.584519 57.053516 8.004587
9.473949 56.986954 27.568155
9.831919 56.875782 55.777729

9.473949 56.986954 27.568155
9.831919 56.875782 55.777729
9.785275 57.222042 8.766417

9.831919 56.875782 55.777729
9.785275 57.222042 8.766417
9.573297 57.096226 27.143475

9.785275 57.222042 8.766417
9.573297 57.096226 27.143475
9.844794 57.125984 52.195450

9.573297 57.096226 27.143475
9.844794 57.125984 52.195450
9.512310 57.017921 8.723152

9.844794 57.125984 52.195450
9.512310 57.017921 8.723152
9.679348 57.053860 27.832634

9.512310 57.017921 8.723152
9.679348 57.053860 27.832634
9.965052 57.024479 54.144825

9.679348 57.053860 27.832634
9.965052 57.024479 54.144825
9.451999 57.069046 8.153349

9.965052 57.024479 54.144825
9.451999 57.069046 8.153349
9.652885 57.105057 29.176041

9.451999 57.069046 8.153349
9.652885 57.105057 29.176041
9.706264 57.032063 54.394218

9.652885 57.105057 29.176041
9.706264 57.032063 54.394218
9.519733 57.022301 9.085805

9.706264 57.032063 54.394218
9.519733 57.022301 9.085805
9.689415 57.057827 28.834293

9.519733 57.022301 9.085805
9.689415 57.057827 28.834293
9.976048 57.000580 56.184662

9.689415 57.057827 28.834293
9.976048 57.000580 56.184662
9.581488 57.054153 8.119913

9.976048 57.000580 56.184662
9.581488 57.054153 8.119913
9.491943 56.979809 28.419769

9.581488 57.054153 8.119913
9.491943 56.979809 28.419769
9.838960 56.875214 57.439976

9.491943 56.979809 28.419769
9.838960 56.875214 57.439976
9.514559 57.018940 8.899347

9.838960 56.875214 57.439976
9.514559 57.018940 8.899347
9.696244 57.061440 28.854595

9.514559 57.018940 8.899347
9.696244 57.061440 28.854595
9.973198 56.994095 56.842915

9.696244 57.061440 28.854595
9.973198 56.994095 56.842915
9.452354 57.068481 8.307730

9.973198 56.994095 56.842915
9.452354 57.068481 8.307730
9.652334 57.099895 30.192976

9.452354 57.068481 8.307730
9.652334 57.099895 30.192976
9.720660 57.035244 56.019859

9.652334 57.099895 30.192976
9.720660 57.035244 56.019859
9.761480 57.216339 10.102624

9.720660 57.035244 56.019859
9.761480 57.216339 10.102624
9.571071 57.081543 29.043331

9.761480 57.216339 10.102624
9.571071 57.081543 29.043331
9.855483 57.130520 52.997066

9.571071 57.081543 29.043331
9.855483 57.130520 52.997066
9.523629 57.028202 9.595837

9.855483 57.130520 52.997066
9.523629 57.028202 9.595837
9.690450 57.051643 29.157393

9.523629 57.028202 9.595837
9.690450 57.051643 29.157393
9.974671 57.007652 55.588760

9.690450 57.051643 29.157393
9.974671 57.007652 55.588760
9.921245 57.156750 8.359235

9.974671 57.007652 55.588760
9.921245 57.156750 8.359235
9.697106 57.137924 29.661667

9.921245 57.156750 8.359235
9.697106 57.137924 29.661667
10.002746 57.037254 53.383530

9.697106 57.137924 29.661667
10.002746 57.037254 53.383530
9.453847 57.068733 8.368848

10.002746 57.037254 53.383530
9.453847 57.068733 8.368848
9.653430 57.104515 29.656399

9.453847 57.068733 8.368848
9.653430 57.104515 29.656399
9.711896 57.033058 54.789314

9.653430 57.104515 29.656399
9.711896 57.033058 54.789314
9.761973 57.217125 9.918913

9.711896 57.033058 54.789314
9.761973 57.217125 9.918913
9.572518 57.084591 28.527435

9.761973 57.217125 9.918913
9.572518 57.084591 28.527435
9.847203 57.126144 52.449917

9.572518 57.084591 28.527435
9.847203 57.126144 52.449917
9.921593 57.157040 8.336549

9.847203 57.126144 52.449917
9.921593 57.157040 8.336549
9.686881 57.142429 29.153801

9.921593 57.157040 8.336549
9.686881 57.142429 29.153801
9.997985 57.035065 52.162422

9.686881 57.142429 29.153801
9.997985 57.035065 52.162422
9.810378 57.109371 7.642184

9.997985 57.035065 52.162422
9.810378 57.109371 7.642184
9.527104 57.082615 27.676842

9.810378 57.109371 7.642184
9.527104 57.082615 27.676842
10.029124 57.156170 62.708656

9.527104 57.082615 27.676842
10.029124 57.156170 62.708656
9.512130 57.017017 8.519132

10.029124 57.156170 62.708656
9.512130 57.017017 8.519132
9.704639 57.061035 29.091986

9.512130 57.017017 8.519132
9.704639 57.061035 29.091986
9.966920 56.985367 58.784401

9.704639 57.061035 29.091986
9.966920 56.985367 58.784401
9.582886 57.053322 8.016977

9.966920 56.985367 58.784401
9.582886 57.053322 8.016977
9.503011 56.978695 28.894556

9.582886 57.053322 8.016977
9.503011 56.978695 28.894556
9.843346 56.871983 58.820126

9.503011 56.978695 28.894556
9.843346 56.871983 58.820126
9.517080 57.019875 9.022336

9.843346 56.871983 58.820126
9.517080 57.019875 9.022336
9.701127 57.062927 29.204456

9.517080 57.019875 9.022336
9.701127 57.062927 29.204456
9.971045 56.984570 57.548176

9.701127 57.062927 29.204456
9.971045 56.984570 57.548176
9.524407 57.027218 9.332135

9.971045 56.984570 57.548176
9.524407 57.027218 9.332135
9.697710 57.056988 29.424232

9.524407 57.027218 9.332135
9.697710 57.056988 29.424232
9.971748 56.986832 57.263470

9.697710 57.056988 29.424232
9.971748 56.986832 57.263470
9.799825 57.110428 7.918777

9.971748 56.986832 57.263470
9.799825 57.110428 7.918777
9.548583 57.082947 28.674702

9.799825 57.110428 7.918777
9.548583 57.082947 28.674702
10.042100 57.153332 64.560753

9.548583 57.082947 28.674702
10.042100 57.153332 64.560753
9.817458 57.109161 7.448395

10.042100 57.153332 64.560753
9.817458 57.109161 7.448395
9.561674 57.086399 28.801970

9.817458 57.109161 7.448395
9.561674 57.086399 28.801970
10.047327 57.168610 67.970360

9.561674 57.086399 28.801970
10.047327 57.168610 67.970360
9.845822 57.132240 8.749736

10.047327 57.168610 67.970360
9.845822 57.132240 8.749736
9.625426 57.010860 29.890236

9.845822 57.132240 8.749736
9.625426 57.010860 29.890236
9.774272 57.106556 59.468956

9.625426 57.010860 29.890236
9.774272 57.106556 59.468956
9.800377 57.110458 7.903504

9.774272 57.106556 59.468956
9.800377 57.110458 7.903504
9.560488 57.080925 29.080990

9.800377 57.110458 7.903504
9.560488 57.080925 29.080990
10.046062 57.163769 66.069710

9.560488 57.080925 29.080990
10.046062 57.163769 66.069710
9.766881 57.218472 9.408632

10.046062 57.163769 66.069710
9.766881 57.218472 9.408632
9.612732 57.094852 29.865721

9.766881 57.218472 9.408632
9.612732 57.094852 29.865721
9.830506 57.127098 56.608559

9.612732 57.094852 29.865721
9.830506 57.127098 56.608559
9.524017 57.028343 9.629230

9.830506 57.127098 56.608559
9.524017 57.028343 9.629230
9.703161 57.056591 29.705490

9.524017 57.028343 9.629230
9.703161 57.056591 29.705490
9.970942 56.987583 57.200550

9.703161 57.056591 29.705490
9.970942 56.987583 57.200550
9.555951 57.054821 8.718487

9.970942 56.987583 57.200550
9.555951 57.054821 8.718487
9.524899 56.972172 29.427048

9.555951 57.054821 8.718487
9.524899 56.972172 29.427048
9.842896 56.872883 58.435570

9.524899 56.972172 29.427048
9.842896 56.872883 58.435570
9.803634 57.109425 7.803220

9.842896 56.872883 58.435570
9.803634 57.109425 7.803220
9.550560 57.085476 28.616079

9.803634 57.109425 7.803220
9.550560 57.085476 28.616079
10.042396 57.155117 65.050720

9.550560 57.085476 28.616079
10.042396 57.155117 65.050720
9.513883 57.018520 8.861879

10.042396 57.155117 65.050720
9.513883 57.018520 8.861879
9.716705 57.061043 29.957659

9.513883 57.018520 8.861879
9.716705 57.061043 29.957659
9.969229 56.975227 60.584251

9.716705 57.061043 29.957659
9.969229 56.975227 60.584251
9.565877 57.055103 8.492728

9.969229 56.975227 60.584251
9.565877 57.055103 8.492728
9.525688 56.971573 29.761795

9.565877 57.055103 8.492728
9.525688 56.971573 29.761795
9.845852 56.869179 59.818459

9.525688 56.971573 29.761795
9.845852 56.869179 59.818459
9.922103 57.157162 8.304340

9.845852 56.869179 59.818459
9.922103 57.157162 8.304340
9.710169 57.132866 30.219030

9.922103 57.157162 8.304340
9.710169 57.132866 30.219030
10.007321 57.037231 54.987358

9.710169 57.132866 30.219030
10.007321 57.037231 54.987358
9.833341 57.127674 9.139390

10.007321 57.037231 54.987358
9.833341 57.127674 9.139390
9.605167 57.005791 29.175411

9.833341 57.127674 9.139390
9.605167 57.005791 29.175411
9.812661 57.096100 55.414577

9.605167 57.005791 29.175411
9.812661 57.096100 55.414577
9.525325 57.027554 9.354514

9.812661 57.096100 55.414577
9.525325 57.027554 9.354514
9.690815 57.054688 29.207495

9.525325 57.027554 9.354514
9.690815 57.054688 29.207495
9.976130 56.996250 56.520588

9.690815 57.054688 29.207495
9.976130 56.996250 56.520588
9.762068 57.216793 10.133509

9.976130 56.996250 56.520588
9.762068 57.216793 10.133509
9.567771 57.080078 29.020107

9.762068 57.216793 10.133509
9.567771 57.080078 29.020107
9.856756 57.130970 52.873070

9.567771 57.080078 29.020107
9.856756 57.130970 52.873070
9.456238 57.069324 8.531309

9.856756 57.130970 52.873070
9.456238 57.069324 8.531309
9.655972 57.106159 29.638155

9.456238 57.069324 8.531309
9.655972 57.106159 29.638155
9.707205 57.032475 54.363419

9.655972 57.106159 29.638155
9.707205 57.032475 54.363419
9.762005 57.216736 9.984653

9.707205 57.032475 54.363419
9.762005 57.216736 9.984653
9.570374 57.083950 28.553778

9.762005 57.216736 9.984653
9.570374 57.083950 28.553778
9.845407 57.125713 52.339352

9.570374 57.083950 28.553778
9.845407 57.125713 52.339352
9.526255 57.028553 9.432732

9.845407 57.125713 52.339352
9.526255 57.028553 9.432732
9.682453 57.050690 28.842272

9.526255 57.028553 9.432732
9.682453 57.050690 28.842272
9.971714 57.009583 55.111866

9.682453 57.050690 28.842272
9.971714 57.009583 55.111866
9.802150 57.109634 7.833618

9.971714 57.009583 55.111866
9.802150 57.109634 7.833618
9.538527 57.081669 28.233913

9.802150 57.109634 7.833618
9.538527 57.081669 28.233913
10.039820 57.157547 63.555389

9.538527 57.081669 28.233913
10.039820 57.157547 63.555389
9.451938 57.068855 8.094446

10.039820 57.157547 63.555389
9.451938 57.068855 8.094446
9.639589 57.089260 31.319635

9.451938 57.068855 8.094446
9.639589 57.089260 31.319635
9.766461 57.044468 59.387768

9.639589 57.089260 31.319635
9.766461 57.044468 59.387768
9.780731 57.073223 8.123444

9.766461 57.044468 59.387768
9.780731 57.073223 8.123444
9.733700 57.105843 29.213261

9.780731 57.073223 8.123444
9.733700 57.105843 29.213261
9.876835 56.897575 58.880428

9.733700 57.105843 29.213261
9.876835 56.897575 58.880428
9.765661 57.218380 9.563549

9.876835 56.897575 58.880428
9.765661 57.218380 9.563549
9.584278 57.088009 28.672722

9.765661 57.218380 9.563549
9.584278 57.088009 28.672722
9.855932 57.133488 53.580654

9.584278 57.088009 28.672722
9.855932 57.133488 53.580654
9.576201 57.054283 8.242623

9.855932 57.133488 53.580654
9.576201 57.054283 8.242623
9.485313 56.982178 27.983526

9.576201 57.054283 8.242623
9.485313 56.982178 27.983526
9.833549 56.876781 56.215527

9.485313 56.982178 27.983526
9.833549 56.876781 56.215527
9.821422 57.108849 7.366938

9.833549 56.876781 56.215527
9.821422 57.108849 7.366938
9.524567 57.085907 27.481113

9.821422 57.108849 7.366938
9.524567 57.085907 27.481113
10.039818 57.156830 63.638588

9.524567 57.085907 27.481113
10.039818 57.156830 63.638588
9.799057 57.224953 8.483063

10.039818 57.156830 63.638588
9.799057 57.224953 8.483063
9.586077 57.097317 28.080462

9.799057 57.224953 8.483063
9.586077 57.097317 28.080462
9.848762 57.133343 54.733627

9.586077 57.097317 28.080462
9.848762 57.133343 54.733627
9.818073 57.109367 7.439335

9.848762 57.133343 54.733627
9.818073 57.109367 7.439335
9.525560 57.085098 27.455040

9.818073 57.109367 7.439335
9.525560 57.085098 27.455040
10.031349 57.154026 63.116776

9.525560 57.085098 27.455040
10.031349 57.154026 63.116776
9.848240 57.133297 8.517796

10.031349 57.154026 63.116776
9.848240 57.133297 8.517796
9.620151 57.011230 29.050570

9.848240 57.133297 8.517796
9.620151 57.011230 29.050570
9.794885 57.103130 57.868820

9.620151 57.011230 29.050570
9.794885 57.103130 57.868820
9.809844 57.109222 7.654345

9.794885 57.103130 57.868820
9.809844 57.109222 7.654345
9.541541 57.086220 28.253584

9.809844 57.109222 7.654345
9.541541 57.086220 28.253584
10.042313 57.154819 64.675369

9.541541 57.086220 28.253584
10.042313 57.154819 64.675369
9.847167 57.132721 8.710651

10.042313 57.154819 64.675369
9.847167 57.132721 8.710651
9.621158 57.010509 29.581812

9.847167 57.132721 8.710651
9.621158 57.010509 29.581812
9.781731 57.102295 58.676022

9.621158 57.010509 29.581812
9.781731 57.102295 58.676022
9.453758 57.068909 8.403377

9.781731 57.102295 58.676022
9.453758 57.068909 8.403377
9.646252 57.094101 30.930994

9.453758 57.068909 8.403377
9.646252 57.094101 30.930994
9.743229 57.041016 57.380104

9.646252 57.094101 30.930994
9.743229 57.041016 57.380104
9.795354 57.109947 8.001829

9.743229 57.041016 57.380104
9.795354 57.109947 8.001829
9.561450 57.083218 29.046820

9.795354 57.109947 8.001829
9.561450 57.083218 29.046820
10.043175 57.156822 65.343224

9.561450 57.083218 29.046820
10.043175 57.156822 65.343224
9.518867 57.021221 9.052104

10.043175 57.156822 65.343224
9.518867 57.021221 9.052104
9.717668 57.059566 30.248804

9.518867 57.021221 9.052104
9.717668 57.059566 30.248804
9.967792 56.972656 60.925304

9.717668 57.059566 30.248804
9.967792 56.972656 60.925304
9.795242 57.109848 7.998738

9.967792 56.972656 60.925304
9.795242 57.109848 7.998738
9.574213 57.083771 29.493549

9.795242 57.109848 7.998738
9.574213 57.083771 29.493549
10.047046 57.161701 66.949379

9.574213 57.083771 29.493549
10.047046 57.161701 66.949379
9.583559 57.052704 7.967344

10.047046 57.161701 66.949379
9.583559 57.052704 7.967344
9.523409 56.973667 29.946772

9.583559 57.052704 7.967344
9.523409 56.973667 29.946772
9.847090 56.869465 61.503490

9.523409 56.973667 29.946772
9.847090 56.869465 61.503490
9.523901 57.026329 9.261346

9.847090 56.869465 61.503490
9.523901 57.026329 9.261346
9.709789 57.055191 30.024265

9.523901 57.026329 9.261346
9.709789 57.055191 30.024265
9.968907 56.984283 59.385689

9.709789 57.055191 30.024265
9.968907 56.984283 59.385689
9.827643 57.125965 9.311676

9.968907 56.984283 59.385689
9.827643 57.125965 9.311676
9.619562 57.008095 30.030954

9.827643 57.125965 9.311676
9.619562 57.008095 30.030954
9.802672 57.100159 57.299969

9.619562 57.008095 30.030954
9.802672 57.100159 57.299969
9.758236 57.214237 10.382000

9.802672 57.100159 57.299969
9.758236 57.214237 10.382000
9.571075 57.078991 29.601019

9.758236 57.214237 10.382000
9.571075 57.078991 29.601019
9.857085 57.132576 53.351608

9.571075 57.078991 29.601019
9.857085 57.132576 53.351608
9.521144 57.029533 9.777901

9.857085 57.132576 53.351608
9.521144 57.029533 9.777901
9.698483 57.051716 29.447746

9.521144 57.029533 9.777901
9.698483 57.051716 29.447746
9.975800 57.003944 55.929047

9.698483 57.051716 29.447746
9.975800 57.003944 55.929047
9.828148 57.126003 9.302255

9.975800 57.003944 55.929047
9.828148 57.126003 9.302255
9.608679 57.005569 29.432430

9.828148 57.126003 9.302255
9.608679 57.005569 29.432430
9.810459 57.096233 55.502018

9.608679 57.005569 29.432430
9.810459 57.096233 55.502018
9.569498 57.055435 8.456723

9.810459 57.096233 55.502018
9.569498 57.055435 8.456723
9.502292 56.975803 28.735123

9.569498 57.055435 8.456723
9.502292 56.975803 28.735123
9.839084 56.875118 57.426807

9.502292 56.975803 28.735123
9.839084 56.875118 57.426807
9.519473 57.021629 9.063314

9.839084 56.875118 57.426807
9.519473 57.021629 9.063314
9.695905 57.060417 29.084141

9.519473 57.021629 9.063314
9.695905 57.060417 29.084141
9.973226 56.990650 57.043678

9.695905 57.060417 29.084141
9.973226 56.990650 57.043678
9.761759 57.216961 9.965917

9.973226 56.990650 57.043678
9.761759 57.216961 9.965917
9.573957 57.083317 28.860756

9.761759 57.216961 9.965917
9.573957 57.083317 28.860756
9.855670 57.130314 52.985783

9.573957 57.083317 28.860756
9.855670 57.130314 52.985783
9.525840 57.028679 9.514427

9.855670 57.130314 52.985783
9.525840 57.028679 9.514427
9.686290 57.051121 29.038298

9.525840 57.028679 9.514427
9.686290 57.051121 29.038298
9.973588 57.007607 55.471645

9.686290 57.051121 29.038298
9.973588 57.007607 55.471645
9.525565 57.028404 9.432734

9.973588 57.007607 55.471645
9.525565 57.028404 9.432734
9.691876 57.054077 29.285982

9.525565 57.028404 9.432734
9.691876 57.054077 29.285982
9.976130 56.996250 56.520588

9.691876 57.054077 29.285982
9.976130 56.996250 56.520588
9.525979 57.028854 9.484731

9.976130 56.996250 56.520588
9.525979 57.028854 9.484731
9.695555 57.054054 29.442167

9.525979 57.028854 9.484731
9.695555 57.054054 29.442167
9.973198 56.994095 56.842915

9.695555 57.054054 29.442167
9.973198 56.994095 56.842915
9.524212 57.028240 9.558878

9.973198 56.994095 56.842915
9.524212 57.028240 9.558878
9.700423 57.055923 29.598219

9.524212 57.028240 9.558878
9.700423 57.055923 29.598219
9.972670 56.989822 57.090580

9.700423 57.055923 29.598219
9.972670 56.989822 57.090580
9.523556 57.028168 9.599545

9.972670 56.989822 57.090580
9.523556 57.028168 9.599545
9.703188 57.056530 29.680386

9.523556 57.028168 9.599545
9.703188 57.056530 29.680386
9.970947 56.988010 57.216290

9.703188 57.056530 29.680386
9.970947 56.988010 57.216290
9.523769 57.028164 9.625521

9.970947 56.988010 57.216290
9.523769 57.028164 9.625521
9.704047 57.057270 29.737492

9.523769 57.028164 9.625521
9.704047 57.057270 29.737492
9.970929 56.985508 57.310833

9.704047 57.057270 29.737492
9.970929 56.985508 57.310833
9.827153 57.125912 9.321109

9.970929 56.985508 57.310833
9.827153 57.125912 9.321109
9.613251 57.007259 29.722269

9.827153 57.125912 9.321109
9.613251 57.007259 29.722269
9.811122 57.095772 56.300137

9.613251 57.007259 29.722269
9.811122 57.095772 56.300137
9.828661 57.126328 9.264617

9.811122 57.095772 56.300137
9.828661 57.126328 9.264617
9.610293 57.006062 29.486753

9.828661 57.126328 9.264617
9.610293 57.006062 29.486753
9.811771 57.097454 55.822243

9.610293 57.006062 29.486753
9.811771 57.097454 55.822243
9.526670 57.028919 9.488445

9.811771 57.097454 55.822243
9.526670 57.028919 9.488445
9.693975 57.053883 29.406034

9.526670 57.028919 9.488445
9.693975 57.053883 29.406034
9.973558 56.994915 56.720047

9.693975 57.053883 29.406034
9.973558 56.994915 56.720047
9.524938 57.028503 9.540369

9.973558 56.994915 56.720047
9.524938 57.028503 9.540369
9.698793 57.055454 29.544003

9.524938 57.028503 9.540369
9.698793 57.055454 29.544003
9.972264 56.990772 56.981518

9.698793 57.055454 29.544003
9.972264 56.990772 56.981518
9.796581 57.109890 7.967886

9.972264 56.990772 56.981518
9.796581 57.109890 7.967886
9.552657 57.083370 28.734121

9.796581 57.109890 7.967886
9.552657 57.083370 28.734121
10.041585 57.154205 64.475380

9.552657 57.083370 28.734121
10.041585 57.154205 64.475380
9.768342 57.218647 9.305305

10.041585 57.154205 64.475380
9.768342 57.218647 9.305305
9.605514 57.094662 29.361477

9.768342 57.218647 9.305305
9.605514 57.094662 29.361477
9.842238 57.129868 55.679611

9.605514 57.094662 29.361477
9.842238 57.129868 55.679611
9.454707 57.069157 8.453464

9.842238 57.129868 55.679611
9.454707 57.069157 8.453464
9.654324 57.100796 30.186737

9.454707 57.069157 8.453464
9.654324 57.100796 30.186737
9.715704 57.034878 55.626820

9.654324 57.100796 30.186737
9.715704 57.034878 55.626820
9.568629 57.054417 8.412567

9.715704 57.034878 55.626820
9.568629 57.054417 8.412567
9.507838 56.976551 28.904507

9.568629 57.054417 8.412567
9.507838 56.976551 28.904507
9.840927 56.873390 57.922569

9.507838 56.976551 28.904507
9.840927 56.873390 57.922569
9.451724 57.068474 8.250856

9.840927 56.873390 57.922569
9.451724 57.068474 8.250856
9.650284 57.097141 30.392111

9.451724 57.068474 8.250856
9.650284 57.097141 30.392111
9.727057 57.037613 56.602596

9.650284 57.097141 30.392111
9.727057 57.037613 56.602596
9.568761 57.054569 8.416587

9.727057 57.037613 56.602596
9.568761 57.054569 8.416587
9.512549 56.975189 29.139345

9.568761 57.054569 8.416587
9.512549 56.975189 29.139345
9.842103 56.872360 58.477890

9.512549 56.975189 29.139345
9.842103 56.872360 58.477890
9.583985 57.053150 7.983900

9.842103 56.872360 58.477890
9.583985 57.053150 7.983900
9.501248 56.979107 28.828978

9.583985 57.053150 7.983900
9.501248 56.979107 28.828978
9.843646 56.872547 58.733974

9.501248 56.979107 28.828978
9.843646 56.872547 58.733974
9.581205 57.049088 7.721043

9.843646 56.872547 58.733974
9.581205 57.049088 7.721043
9.505819 56.984917 28.581326

9.581205 57.049088 7.721043
9.505819 56.984917 28.581326
9.843410 56.872334 58.719646

9.505819 56.984917 28.581326
9.843410 56.872334 58.719646
9.452370 57.068855 8.131156

9.843410 56.872334 58.719646
9.452370 57.068855 8.131156
9.645133 57.095078 30.348457

9.452370 57.068855 8.131156
9.645133 57.095078 30.348457
9.732678 57.039318 56.856037

9.645133 57.095078 30.348457
9.732678 57.039318 56.856037
9.761274 57.216347 10.096436

9.732678 57.039318 56.856037
9.761274 57.216347 10.096436
9.574466 57.081676 29.210119

9.761274 57.216347 10.096436
9.574466 57.081676 29.210119
9.856901 57.132229 53.340092

9.574466 57.081676 29.210119
9.856901 57.132229 53.340092
9.559163 57.055153 8.683072

9.856901 57.132229 53.340092
9.559163 57.055153 8.683072
9.503016 56.977116 28.458122

9.559163 57.055153 8.683072
9.503016 56.977116 28.458122
9.834158 56.876839 56.326000

9.503016 56.977116 28.458122
9.834158 56.876839 56.326000
9.812986 57.108997 7.566120

9.834158 56.876839 56.326000
9.812986 57.108997 7.566120
9.531415 57.084328 27.848183

9.812986 57.108997 7.566120
9.531415 57.084328 27.848183
10.041075 57.158360 63.777122

9.531415 57.084328 27.848183
10.041075 57.158360 63.777122
9.511956 57.017162 8.549554

10.041075 57.158360 63.777122
9.511956 57.017162 8.549554
9.708007 57.060326 29.323095

9.511956 57.017162 8.549554
9.708007 57.060326 29.323095
9.968948 56.984444 59.458275

9.708007 57.060326 29.323095
9.968948 56.984444 59.458275
9.582040 57.053951 8.086997

9.968948 56.984444 59.458275
9.582040 57.053951 8.086997
9.506274 56.976658 29.112747

9.582040 57.053951 8.086997
9.506274 56.976658 29.112747
9.844536 56.871563 59.196007

9.506274 56.976658 29.112747
9.844536 56.871563 59.196007
9.519473 57.021629 9.063314

9.844536 56.871563 59.196007
9.519473 57.021629 9.063314
9.701694 57.061214 29.323511

9.519473 57.021629 9.063314
9.701694 57.061214 29.323511
9.969110 56.984211 57.787418

9.701694 57.061214 29.323511
9.969110 56.984211 57.787418
9.572334 57.053761 8.311667

9.969110 56.984211 57.787418
9.572334 57.053761 8.311667
9.508918 56.976543 29.054058

9.572334 57.053761 8.311667
9.508918 56.976543 29.054058
9.843951 56.872868 58.520344

9.508918 56.976543 29.054058
9.843951 56.872868 58.520344
9.520251 57.022568 9.097062

9.843951 56.872868 58.520344
9.520251 57.022568 9.097062
9.699553 57.060738 29.264139

9.520251 57.022568 9.097062
9.699553 57.060738 29.264139
9.970135 56.984962 57.500622

9.699553 57.060738 29.264139
9.970135 56.984962 57.500622
9.762154 57.216713 10.068541

9.970135 56.984962 57.500622
9.762154 57.216713 10.068541
9.573682 57.082348 29.115131

9.762154 57.216713 10.068541
9.573682 57.082348 29.115131
9.854787 57.129951 53.225037

